Res_name,res_category,res_type,city_name,RestID,simplified_category
Crunchy Chicken,American|Burgers,restaurants,Dammam,135085,American
Subway,Sandwich|Fast Food|Healthy,restaurants,Dammam,135038,Sandwich
Noodlez,Asian|Italian|Noodles,restaurants,Dammam,132825,Asian
POSHAK,Sandwich|Grill|Indian,restaurants,Dammam,135060,Sandwich
Operation Falafel,Sandwich|Arabic|Falafel|Breakfast,restaurants,Dammam,135104,Sandwich
Mille Feuille,Sandwich|Pastries,restaurants,Dammam,132740,Sandwich
basatin almamlaka,Fruits & Vegetables,fruits_and_vegetables,Dammam,132663,Fruits & Vegetables
Maadoba,Arabic,restaurants,Dammam,132732,Arabic
EASTWING BURGER,Fast Food|Burgers,restaurants,Dammam,132630,Fast Food
Manoosha Alreef,Sandwich|Fast Food|Pastries,restaurants,Dammam,132584,Sandwich
Honey Logimat,Desserts|Beverages,restaurants,Khobar,132733,Desserts
Premium Juice Bar,Desserts|Beverages|Juices,restaurants,Khobar,132732,Desserts
Cinnzeo,Desserts|Beverages,restaurants,Khobar,132630,Desserts
Starbucks®,Desserts|Bakery|Beverages|Coffee|Breakfast|Roastery,restaurants,Khobar,135104,Desserts
ornj,Beverages|Juices,restaurants,Khobar,132560,Beverages
PHOBIA,Arabic|Beverages|Coffee|Breakfast,restaurants,Khobar,132584,Arabic
Baba Khabbaz,Desserts|Bakery,restaurants,Khobar,132732,Desserts
Okashi,Asian,restaurants,Khobar,132630,Asian
Mille Feuille,Sandwich|Pastries,restaurants,Khobar,132613,Sandwich
SOT,Fast Food|Desserts,restaurants,Khobar,132667,Fast Food
BRG.,Sandwich|Fast Food|Arabic|Burgers,restaurants,Khobar,135104,Sandwich
Alfakhaar Aleadani,Arabic|Saudi|Breakfast,restaurants,Dhahran,132663,Arabic
Thouq Aden,Arabic,restaurants,Dhahran,132733,Arabic
Distinctive Taste Restaurants,Arabic,restaurants,Dhahran,132660,Arabic
Solo Pollo,Sandwich|Fast Food|Grill,restaurants,Dhahran,132584,Sandwich
Engineering Maesub,Arabic|Beverages|Breakfast,restaurants,Dhahran,132733,Arabic
Shawarmer,Sandwich|Fast Food|Arabic|Shawarma,restaurants,Dhahran,135088,Sandwich
IMPASTO,Desserts|Coffee,restaurants,Dhahran,132583,Desserts
Al Waseed,Arabic|Pizza|Pastries,restaurants,Dhahran,132608,Arabic
Al Romansiah,Arabic|Saudi|Meat,restaurants,Dhahran,132609,Arabic
Luini Bakery,Desserts|Bakery,restaurants,Dhahran,132613,Desserts
Wing King,Fast Food,restaurants,Dhahran,132663,Fast Food
Mokhtar Pastry,Fast Food|Pastries,restaurants,Dhahran,132665,Fast Food
8pot,Sandwich|Salads,restaurants,Khobar,132668,Sandwich
Mugalat Al Fareej,Arabic|Beverages|Saudi,restaurants,Khobar,132630,Arabic
FARTAKA,Fast Food|Arabic|Egyptian,restaurants,Khobar,132715,Fast Food
Om Ali,Desserts|Grill|Seafood|Egyptian|Juices|Meat,restaurants,Khobar,132717,Desserts
Grilled burger,Fast Food|American|Burgers,restaurants,Khobar,132613,Fast Food
MANZO,Sandwich|Beverages|Burgers,restaurants,Khobar,132594,Sandwich
Four Seasons,Desserts|Beverages|Juices,restaurants,Khobar,132608,Desserts
Mama Rabab,Arabic|Seafood,restaurants,Khobar,132609,Arabic
SOUL BOWL,Sandwich|International|Healthy|Salads,restaurants,Khobar,132663,Sandwich
eclipse,Desserts|Coffee|Breakfast,restaurants,Khobar,132560,Desserts
Salt Crepe,Arabic,restaurants,Khobar,132564,Arabic
Damascus barbecue house,Fast Food|Grill|Arabic|Beverages,restaurants,Khobar,132717,Fast Food
Madghot Basamati,Arabic|Saudi,restaurants,Dhahran,132733,Arabic
Third Wave,Desserts|Coffee,restaurants,Dhahran,132740,Desserts
Mandi Alghurub,Arabic|Saudi,restaurants,Dhahran,135071,Arabic
Sikkat Karak,Sandwich|Desserts|Beverages,restaurants,Dhahran,132733,Sandwich
Tea & Sesame,Arabic|Beverages|Coffee,restaurants,Dhahran,132608,Arabic
DOLMA FACTORY,Fast Food|Arabic,restaurants,Dhahran,135104,Fast Food
Bin Aqoul,Arabic,restaurants,Dhahran,132584,Arabic
Pause,Sandwich|Desserts|Beverages|Coffee,restaurants,Dhahran,132667,Sandwich
UTTER FLOWER & COFFEE,Coffee,restaurants,Dhahran,132740,Coffee
Donut Time,Desserts,restaurants,Dhahran,132613,Desserts
Falaafel And Shawarma Alaa Kayfik,Arabic|Shawarma|Falafel,restaurants,Dhahran,132594,Arabic
USTA GHAZI SHAWARMA,Sandwich|Shawarma,restaurants,Dhahran,132740,Sandwich
Um Ateyah,Arabic,restaurants,Dammam,132626,Arabic
Deaat Beirut Restaurant,Arabic|Shawarma,restaurants,Dammam,132668,Arabic
Waraq Enab Dhuq Almahashy,Arabic|Egyptian,restaurants,Dammam,132715,Arabic
Bludan,Sandwich|Grill|Shawarma,restaurants,Dammam,134987,Sandwich
Shawarma and delicious pastries,Sandwich|Shawarma|Pastries,restaurants,Dammam,135034,Sandwich
Balah Alsham,Desserts,restaurants,Dammam,132723,Desserts
Sweet A,Desserts,restaurants,Dammam,135046,Desserts
Falafel Amo Basil,Arabic|Falafel|Breakfast,restaurants,Dammam,135075,Arabic
Manoosha Station,Sandwich|Fast Food|Arabic|Bakery|Shawarma|Breakfast|Pastries,restaurants,Dammam,132572,Sandwich
Muajnat Toot Al Sham,Pizza|Pastries,restaurants,Dammam,135074,Pizza
Sweet Duluni,Desserts,restaurants,Dammam,135028,Desserts
Chef & Beef,Sandwich|Grill|Arabic|Meat,restaurants,Dammam,135085,Sandwich
Olena,Desserts|Bakery,restaurants,Dammam,135032,Desserts
In & Out Falafel,Arabic|Falafel|Pastries,restaurants,Dammam,135086,Arabic
Basatin Al Sham Pastries,Breakfast|Pastries,restaurants,Dammam,132723,Breakfast
Fatafeet AlSker,Desserts,restaurants,Dammam,135046,Desserts
Tiba Pastries,Arabic|Pizza|Pastries,restaurants,Dammam,135058,Arabic
Pure Calories,Healthy,restaurants,Dammam,135001,Healthy
Prestige Box,Arabic|Beverages|Coffee,restaurants,Dammam,134983,Arabic
Grape leaves Origin Mahashi,Arabic|Lebanese,restaurants,Dammam,134996,Arabic
Mandi alghurub,Saudi,restaurants,Dammam,135019,Saudi
Dakka juice,Beverages|Juices,restaurants,Dammam,134996,Beverages
Bomboloni,Desserts|Coffee,restaurants,Dammam,135001,Desserts
PARTY BOX,Bakery|Pizza|Breakfast|Pastries,restaurants,Khobar,134976,Bakery
Kottouf Sweets,Desserts|Arabic|Beverages|Coffee,restaurants,Khobar,134999,Desserts
Makbous Express,Arabic|Saudi,restaurants,Khobar,135018,Arabic
Nutrifix,Sandwich|Fast Food|Healthy|Gluten-Free,restaurants,Khobar,135013,Sandwich
Restaurants Abu Samra,Arabic|Saudi,restaurants,Khobar,134986,Arabic
Sakbat Aseer,Beverages,restaurants,Khobar,134986,Beverages
Al - Fareej Sweets & Nuts,Desserts|Pastries,restaurants,Khobar,135018,Desserts
Chef's Roll,Fast Food|Arabic,restaurants,Khobar,135088,Fast Food
Baker's Secret,Desserts|Pastries,restaurants,Khobar,132767,Desserts
Ftoor Altaybeen,Sandwich|Breakfast,restaurants,Khobar,135016,Sandwich
Kabst Qadr,Arabic,restaurants,Dammam,135011,Arabic
Sweetest Juice And Crepe,Desserts|Juices,restaurants,Dammam,132767,Desserts
The Burger's Origin,Fast Food|Burgers,restaurants,Dammam,135019,Fast Food
Philpha,Sandwich|Fast Food|Beverages,restaurants,Dammam,135109,Sandwich
Hoba,Sandwich|Fast Food|American|Meat,restaurants,Dammam,134996,Sandwich
Different Bukhari,Arabic,restaurants,Dammam,135011,Arabic
Lunch Fish Restaurant,Arabic,restaurants,Dammam,134999,Arabic
Abo kilo,Grill,restaurants,Dammam,134975,Grill
Hero,Fast Food|Grill|Shawarma,restaurants,Dammam,135021,Fast Food
Bro,Fast Food|Arabic,restaurants,Dammam,134987,Fast Food
Herfy,Sandwich|Fast Food|Burgers,restaurants,Khobar,134996,Sandwich
GRLD,Fast Food|Grill|Burgers,restaurants,Khobar,132768,Fast Food
Repeat Coffee,Desserts|Arabic|Coffee,restaurants,Khobar,135019,Desserts
Maqadeer Restaurant,Arabic,restaurants,Khobar,134975,Arabic
Title.,Beverages|Coffee,restaurants,Khobar,134983,Beverages
Huge,Desserts|American|Beverages|Coffee|Breakfast,restaurants,Khobar,132767,Desserts
The Hub,Desserts|Beverages|Coffee,restaurants,Khobar,135021,Desserts
Shrimp Caption,Seafood,restaurants,Khobar,134996,Seafood
ASADO,Fast Food|American,restaurants,Khobar,135013,Fast Food
The Don,Sandwich|American|Burgers,restaurants,Khobar,135000,Sandwich
SWITCH MOOD,Desserts|Beverages|Coffee,restaurants,Khobar,135001,Desserts
Sandwich Ga'ar,Sandwich|Shawarma|Juices,restaurants,Dhahran,132768,Sandwich
Tea and a boat,Coffee|Pastries,restaurants,Dhahran,134976,Coffee
Tea Hessa,Desserts|Bakery|Beverages|Coffee,restaurants,Dhahran,134983,Desserts
Al Kanafany Original,Desserts,restaurants,Dhahran,134986,Desserts
Al Kanafany,Desserts,restaurants,Dhahran,132766,Desserts
Old Sham Restaurant,Fast Food|Arabic,restaurants,Dhahran,132767,Fast Food
Bassam Broasted,Sandwich|Fast Food,restaurants,Dhahran,135021,Sandwich
Haba,Fast Food|Arabic|Saudi,restaurants,Dhahran,135001,Fast Food
Soul Kitchen,Arabic|Seafood,restaurants,Dhahran,134975,Arabic
Zdo,Sandwich|American|Burgers,restaurants,Dhahran,134992,Sandwich
Falafel Al Zad Al Arabi,Arabic|Falafel|Breakfast,restaurants,Dhahran,135019,Arabic
Nizami,Asian|Indian,restaurants,Dhahran,134987,Asian
Lily Café,Desserts|Beverages|Coffee,restaurants,Khobar,135016,Desserts
Al Tazaj,Sandwich|Fast Food,restaurants,Khobar,132773,Sandwich
Al Fateerah,Fast Food|Grill|Shawarma,restaurants,Khobar,135088,Fast Food
Yamal Al Tayeb,Seafood|Beverages|Pasta,restaurants,Khobar,132561,Seafood
Shawerma Teensy,Sandwich|Shawarma,restaurants,Khobar,132706,Sandwich
Zankil,Grill|Arabic|Coffee,restaurants,Khobar,132654,Grill
Spin Burger,American|Burgers,restaurants,Khobar,132665,American
Le Baroque,International,restaurants,Khobar,132740,International
Helvaci Ali,Desserts|Coffee,restaurants,Khobar,132733,Desserts
SOAVÉ,Beverages|Coffee,restaurants,Khobar,132668,Beverages
troy coffee lounge,Desserts|Coffee,restaurants,Khobar,132660,Desserts
Hard Eight,Fast Food,restaurants,Khobar,132733,Fast Food
Pasta & Basta,Fast Food|Italian|Pasta,restaurants,Khobar,132608,Fast Food
Lemon and Dbs,Fast Food|Desserts|Saudi,restaurants,Khobar,132660,Fast Food
Vicoli,Desserts|Italian|Seafood|Breakfast,restaurants,Khobar,132584,Desserts
Golden Brown,Desserts,restaurants,Khobar,132609,Desserts
Veloce,Desserts|Beverages|Coffee,restaurants,Khobar,135104,Desserts
Tastiest Dish Restaurants & Kitchens,Arabic|International|Pakistani,restaurants,Khobar,132667,Arabic
Dalo Juice,Desserts|Juices,restaurants,Khobar,132564,Desserts
Adrs,Desserts|Beverages|Coffee|Ice Cream,restaurants,Khobar,132715,Desserts
Fattah and Snobar,Grill|Arabic|Lebanese,restaurants,Khobar,132732,Grill
Panama Coffee,Desserts|Beverages|Coffee,restaurants,Khobar,132733,Desserts
MYLK,Coffee,restaurants,Khobar,135011,Coffee
Shrimp and Roll,Sandwich|Seafood,restaurants,Khobar,134987,Sandwich
Briar Coffee,Sandwich|Desserts|Coffee,restaurants,Khobar,134976,Sandwich
Shrimp Nation,Fast Food|Seafood,restaurants,Khobar,135018,Fast Food
Tikka & Kabab Ameen,Sandwich|Fast Food|Grill,restaurants,Khobar,132766,Sandwich
Le Churro Station,Desserts|Beverages,restaurants,Khobar,135088,Desserts
V60 COFFEE BAR,Coffee,restaurants,Dhahran,135016,Coffee
Mltotah,Desserts,restaurants,Dhahran,132773,Desserts
Manoosha,Sandwich|Arabic|Pizza|Breakfast|Pastries,restaurants,Dhahran,135000,Sandwich
Sugar coated store,Desserts,restaurants,Dhahran,132583,Desserts
Zamani sweets,Desserts,restaurants,Dhahran,132768,Desserts
KSTR,Desserts,restaurants,Dhahran,135021,Desserts
BUNDT BAKERY,Desserts|Bakery|Coffee,restaurants,Dhahran,134983,Desserts
layered,Desserts,restaurants,Dhahran,135001,Desserts
BUROOJ AL-SHAM,Grill,restaurants,Dhahran,134992,Grill
New Sunrise Restaurant,Sandwich|Arabic|Shawarma|Breakfast,restaurants,Dhahran,135088,Sandwich
Herfy,Sandwich|Fast Food|Burgers,restaurants,Dhahran,132768,Sandwich
fresh fruit and vegetables,Fruits & Vegetables,fruits_and_vegetables,Dhahran,134996,Fruits & Vegetables
Al Daffa Gulf,Seafood,restaurants,Dammam,135109,Seafood
GULF DATES,Desserts,restaurants,Dammam,135088,Desserts
MEAT AND MORE,Butchery & Fishery,Butchery,Dammam,135109,Butchery & Fishery
Eastern Grape Leaves,Arabic,restaurants,Dammam,132768,Arabic
Juices World Taste,Beverages|Juices,restaurants,Dammam,135051,Beverages
Haret Rahal,Desserts|Falafel|Pastries,restaurants,Dammam,135075,Desserts
Juices Mango Farghali,Desserts|Beverages|Juices,restaurants,Dammam,132572,Desserts
Koozi Nuri,Arabic,restaurants,Dammam,135028,Arabic
SANABLY BAKERY,Arabic|Bakery,restaurants,Dammam,135025,Arabic
Sweet &  Sour,Arabic,restaurants,Dammam,132572,Arabic
Jouri Taste,Arabic,restaurants,Dammam,135049,Arabic
MISHWAR,Sandwich|Fast Food|Grill|Shawarma,restaurants,Dammam,135106,Sandwich
Thoug Luqaimat,Arabic,restaurants,Dammam,135072,Arabic
Pizza Top,Pizza,restaurants,Dammam,135074,Pizza
Jawharat Anbar Restaurant serves Bukhari meals,Arabic|Saudi,restaurants,Dammam,132755,Arabic
Location Coffee,Desserts|Beverages|Coffee,restaurants,Dammam,135044,Desserts
Healthy Nation,Healthy,restaurants,Dammam,135048,Healthy
Al Raqi Grills,Sandwich|Grill|Arabic,restaurants,Dammam,135047,Sandwich
Second Cup,Desserts|Coffee,restaurants,Dammam,132754,Desserts
8OZ Specialty Coffee,Desserts|Coffee,restaurants,Dammam,132825,Desserts
Diyar Al Sham,Sandwich|Arabic|Pastries,restaurants,Dammam,135076,Sandwich
Labieh,Sandwich|Fast Food|Shawarma,restaurants,Dammam,135032,Sandwich
Hadramout Beach,Arabic|Saudi,restaurants,Dammam,132825,Arabic
BABIL,Sandwich|Grill|Arabic|Shawarma|International|Saudi,restaurants,Dammam,135063,Sandwich
Borabora Juice,Beverages,restaurants,Dammam,135018,Beverages
Jarrah And Saj,Arabic|Breakfast,restaurants,Dammam,132773,Arabic
Bskt,Desserts|Bakery,restaurants,Dammam,135042,Desserts
Marble Slab Creamery,Desserts|Ice Cream,restaurants,Dammam,135053,Desserts
Five Guys,Fast Food|American|Beverages|Burgers,restaurants,Dammam,132754,Fast Food
BRNX,Fast Food|Italian|Pizza,restaurants,Dammam,132583,Fast Food
Zaatar W Zeit,Sandwich|Fast Food|Arabic|Bakery|Beverages|Healthy|Breakfast,restaurants,Dammam,135081,Sandwich
Sweet Juice,Desserts|Beverages|Shawarma,restaurants,Dammam,135025,Desserts
Al Reem Sweet,Fast Food|Desserts,restaurants,Dammam,135038,Fast Food
Hala Al Dammam Fast Food,Sandwich|Fast Food|Desserts,restaurants,Dammam,135060,Sandwich
Nutria,Sandwich|Beverages|Healthy,restaurants,Dammam,135062,Sandwich
Al Deek Al Romie,Sandwich|Grill,restaurants,Dammam,135047,Sandwich
Coffee Warehouse,Desserts|Beverages|Coffee,restaurants,Dammam,135042,Desserts
Marble Slab Creamery,Desserts|Ice Cream,restaurants,Dammam,135069,Desserts
Grill Shack,Sandwich|Fast Food|Burgers,restaurants,Dammam,135057,Sandwich
Wild Burger,Sandwich|Fast Food|American,restaurants,Dammam,135076,Sandwich
Maimona Restaurant,Asian|Indian,restaurants,Dammam,135043,Asian
Shawarma Hlayel,Fast Food|Beverages|Shawarma,restaurants,Dammam,135069,Fast Food
BIG BUN,Sandwich|Fast Food|American|Burgers,restaurants,Dammam,135039,Sandwich
Nando's,Beverages|Burgers,restaurants,Khobar,135060,Beverages
Buffalo Wild Wings,Fast Food|American|International,restaurants,Khobar,135052,Fast Food
Operation Falafel,Sandwich|Arabic|Falafel|Breakfast,restaurants,Khobar,132825,Sandwich
Samosa King,Arabic,restaurants,Khobar,135032,Arabic
Koushari Atrees,Arabic|Egyptian|Saudi,restaurants,Khobar,135028,Arabic
Shawarmetna,Arabic,restaurants,Khobar,135085,Arabic
TGB Burger,Fast Food|Burgers,restaurants,Khobar,135052,Fast Food
Sushi By Farm,Sushi,restaurants,Khobar,135030,Sushi
Regal Burger,Fast Food|American|Burgers,restaurants,Khobar,135027,Fast Food
Nahawand,Grill,restaurants,Khobar,132830,Grill
P.F Changs,Asian|Seafood|Noodles,restaurants,Khobar,132825,Asian
Hashem,Sandwich|Arabic|Falafel|Breakfast|Pastries,restaurants,Khobar,135076,Sandwich
Tawy,Desserts|Arabic|Bakery,restaurants,Khobar,132830,Desserts
Fish Face,Seafood|Beverages|Healthy,restaurants,Khobar,135108,Seafood
ALRAYAN RESTAURANT,Sandwich|Grill|Shawarma|Pastries,restaurants,Khobar,135069,Sandwich
Smokin Tacos,Sandwich|Fast Food|Mexican|Burgers,restaurants,Khobar,135050,Sandwich
Smokit,Fast Food|Burgers,restaurants,Khobar,135057,Fast Food
OAK Smoke House,Fast Food|Grill|Mexican,restaurants,Khobar,135081,Fast Food
LUFF,Desserts|Coffee,restaurants,Khobar,135057,Desserts
IHOP,Desserts|Bakery|American|Breakfast,restaurants,Khobar,135070,Desserts
Dice,Fast Food|Burgers,restaurants,Khobar,135041,Fast Food
Wok Kong,Asian|Noodles,restaurants,Khobar,135069,Asian
City Wok,Asian|Noodles,restaurants,Khobar,135082,Asian
Crisp,Sandwich|Fast Food|American,restaurants,Khobar,135043,Sandwich
Shawarma sana’a,Sandwich|Arabic|Shawarma,restaurants,Khobar,135042,Sandwich
Ennabi Grill,Grill|Arabic,restaurants,Khobar,135071,Grill
Manoosha Alreef,Sandwich|Fast Food|Pastries,restaurants,Khobar,135054,Sandwich
Hashem,Sandwich|Arabic|Falafel|Breakfast|Pastries,restaurants,Khobar,135070,Sandwich
OHAYO,Desserts,restaurants,Khobar,135066,Desserts
Hazolate,Desserts|Arabic,restaurants,Khobar,135032,Desserts
TREAT,Desserts,restaurants,Khobar,135081,Desserts
Shabiyat,Arabic|Breakfast,restaurants,Khobar,135051,Arabic
Ftoor Faris,Sandwich|Arabic,restaurants,Khobar,132830,Sandwich
Salad & Tacos,Healthy|Salads,restaurants,Khobar,135082,Healthy
capon burger,Fast Food|American|Burgers,restaurants,Khobar,135066,Fast Food
Crazy kitchen,Fast Food,restaurants,Khobar,135050,Fast Food
Enrich,Fast Food|Bakery|Beverages,restaurants,Khobar,135076,Fast Food
X-Fire,Fast Food|Asian,restaurants,Khobar,135081,Fast Food
SEWAR,Shawarma|Pastries,restaurants,Khobar,135062,Shawarma
AlReef Restaurant,Fast Food|Arabic|International,restaurants,Khobar,135027,Fast Food
Muftah Samak,Arabic|Seafood,restaurants,Khobar,135085,Arabic
Jungle Juice,Desserts|Beverages|Juices,restaurants,Khobar,135052,Desserts
Alliwaa Alakhder,Fast Food|Arabic|Breakfast,restaurants,Khobar,132825,Fast Food
LIEL ALMAHROUSA,Sandwich|Arabic|Pastries,restaurants,Khobar,135051,Sandwich
Pearl oyster resto café,Seafood|Indian|International,restaurants,Khobar,135047,Seafood
ِAl Dahna Sandwiches,Sandwich|Fast Food,restaurants,Khobar,135026,Sandwich
KFC,Fast Food|Beverages,restaurants,Dammam,135044,Fast Food
Hardee's,Sandwich|Fast Food|American|Beverages|International|Burgers,restaurants,Dammam,132825,Sandwich
Ratio,Desserts|Beverages,restaurants,Dammam,135059,Desserts
Dar Mubarak,Arabic|Seafood,restaurants,Dammam,135065,Arabic
017 Cafe,Desserts|Coffee,restaurants,Dammam,135046,Desserts
Krispy Kreme Doughnuts,Desserts|Bakery|Beverages|Coffee,restaurants,Dammam,135085,Desserts
Tikka King,Fast Food|American,restaurants,Dammam,135079,Fast Food
CHICKEN LAND,Sandwich|Fast Food|Arabic|Burgers,restaurants,Dammam,135055,Sandwich
BURGERINA,Arabic,restaurants,Dammam,132754,Arabic
Zafi chicken,Fast Food|American|Burgers,restaurants,Dammam,132572,Fast Food
Chicken Now,Sandwich|Fast Food,restaurants,Dammam,135075,Sandwich
Asl Al-Kushari,Fast Food|Arabic|Beverages,restaurants,Dammam,135080,Fast Food
The Cheesecake Factory,Sandwich|Desserts|American|International|Burgers|Pasta|Salads|Breakfast|Gluten-Free,restaurants,Khobar,135064,Sandwich
Boba T,Beverages|Coffee|Juices,restaurants,Khobar,135074,Beverages
Cafe Bateel,Sandwich|Desserts|Italian|Coffee|Pasta,restaurants,Khobar,135041,Sandwich
Jollibee,Fast Food|American,restaurants,Khobar,135069,Fast Food
Chowking,Noodles,restaurants,Khobar,135032,Noodles
AL -SUBOH AUTOMATIC CO FOR BREAD,Desserts|Bakery|Pastries,restaurants,Khobar,135057,Desserts
Al Kanafany Original,Desserts,restaurants,Dammam,132830,Desserts
Restaurant shahad,Fast Food|Breakfast,restaurants,Dammam,135028,Fast Food
Sanabel Al Sham pastries,Pizza|Pastries,restaurants,Dammam,135040,Pizza
Themar Al Maeda,Fast Food|Seafood,restaurants,Dammam,135106,Fast Food
DIET PLAN,Healthy,restaurants,Dammam,135052,Healthy
Al Quds,Sandwich|Arabic|Breakfast,restaurants,Dammam,135041,Sandwich
Bab Damascus pastries,Pastries,restaurants,Dammam,135038,Pastries
Hab HAb,Desserts|Beverages,restaurants,Dammam,135054,Desserts
Dragon Power,Beverages|Juices,restaurants,Dammam,135108,Beverages
Chatelet,Desserts,restaurants,Dammam,134986,Desserts
Better,Desserts,restaurants,Dammam,135054,Desserts
ADAM COFFEE,Desserts|Beverages|Coffee,restaurants,Dammam,132768,Desserts
Boromana,Sandwich|Grill|Shawarma|Juices,restaurants,Dammam,135108,Sandwich
Dough & Fire,Shawarma|Pizza|Pastries,restaurants,Dammam,135032,Shawarma
Nana Toot,Desserts|Juices,restaurants,Dammam,135071,Desserts
Rockpan Distance,Arabic,restaurants,Dammam,135070,Arabic
Frjan Al Awal,Arabic|Beverages,restaurants,Dammam,135069,Arabic
Cake and Tart,Desserts,restaurants,Dammam,135081,Desserts
Mashweyat Hartnah,Grill|Arabic,restaurants,Dammam,135057,Grill
Saeat Alkinafa,Desserts,restaurants,Dammam,135039,Desserts
Special mamoul,Desserts,restaurants,Dhahran,135050,Desserts
Fuwal Alyaman Capital,Sandwich|Arabic|Breakfast,restaurants,Dhahran,135043,Sandwich
Kunafa kareema,Desserts,restaurants,Dhahran,135043,Desserts
Yoo pasta,Italian|Pasta,restaurants,Dhahran,135081,Italian
SI Pizza,Pizza,restaurants,Dhahran,135076,Pizza
Foil Burger,Fast Food|Burgers,restaurants,Dhahran,135082,Fast Food
Sultan Delight Burger,Sandwich|Fast Food|Juices|Burgers,restaurants,Dhahran,135050,Sandwich
Harry's Pizza,Italian|Pizza|Pasta,restaurants,Dhahran,135066,Italian
Mandi King Restaurant,Arabic|Saudi,restaurants,Dhahran,135032,Arabic
Clean Protein,Sandwich|Healthy,restaurants,Dhahran,134986,Sandwich
Treats by independent,International,restaurants,Dhahran,135021,International
ROKN WARDA RESTAURANT,Sandwich|Grill|Arabic,restaurants,Dhahran,135001,Sandwich
Alaker Sweets,Desserts,restaurants,Khobar,135042,Desserts
Auntie Annes,Desserts|Beverages|Coffee,restaurants,Khobar,132583,Desserts
Density,Desserts|Bakery|Beverages|Coffee|Roastery,restaurants,Khobar,135063,Desserts
Lapat Bakery,Sandwich|Desserts|Bakery|Beverages|Coffee|Healthy|Saudi|Pasta|Salads|Breakfast|Pastries,restaurants,Khobar,132768,Sandwich
Queen of India,Indian|Beverages,restaurants,Khobar,135060,Indian
Thermo Steakhouse,Sandwich,restaurants,Khobar,135038,Sandwich
Flamin,Fast Food|Burgers,restaurants,Khobar,135062,Fast Food
Licuadora,Beverages,restaurants,Khobar,135081,Beverages
AL SHABOUT,Seafood,restaurants,Khobar,135057,Seafood
sandwich 2,Fast Food|Arabic|Breakfast,restaurants,Khobar,135066,Fast Food
LA vie dore,Sandwich|Fast Food|Arabic|Breakfast,restaurants,Khobar,135032,Sandwich
Cady Sweets,Desserts|Pastries,restaurants,Dhahran,135062,Desserts
Saeat Alkinafa,Desserts,restaurants,Dhahran,135025,Desserts
Sahab Al Omda Restaurant,Arabic|Egyptian,restaurants,Dhahran,135069,Arabic
Andal,Arabic|Pizza|Pastries,restaurants,Dhahran,135108,Arabic
Cool & Sweet,Beverages|Juices,restaurants,Dhahran,135039,Beverages
Over Jar,Arabic|Lebanese,restaurants,Dhahran,135038,Arabic
jury,Desserts,restaurants,Dhahran,135027,Desserts
PARTY BOX,Bakery|Pizza|Breakfast|Pastries,restaurants,Dhahran,135042,Bakery
Karak Zaman,Desserts|Beverages|Coffee,restaurants,Khobar,135040,Desserts
LARK,Desserts|Bakery,restaurants,Khobar,135073,Desserts
QADOOA BOXES,Arabic,restaurants,Khobar,135033,Arabic
ROOH,Desserts,restaurants,Khobar,135025,Desserts
Lencos,Desserts,restaurants,Khobar,135032,Desserts
Stella,Desserts,restaurants,Khobar,135057,Desserts
Flick,Desserts,restaurants,Khobar,135060,Desserts
Morpho,Desserts,restaurants,Khobar,135052,Desserts
Maison de chocolate,Desserts,restaurants,Khobar,135038,Desserts
MARVELLO,Desserts,restaurants,Khobar,135081,Desserts
Damascus Flower Grills,Sandwich|Grill|Arabic,restaurants,Khobar,135045,Sandwich
Lilou Artisan Patisserie,Desserts,restaurants,Khobar,135051,Desserts
Ilonggos,Asian|Seafood|Indian|Noodles,restaurants,Khobar,135073,Asian
Al Baik,Sandwich|Arabic,restaurants,Khobar,135062,Sandwich
Classic Restaurant,Arabic|Indian,restaurants,Khobar,135063,Arabic
Labieh,Sandwich|Fast Food|Shawarma,restaurants,Khobar,135054,Sandwich
Ray’s Pizza,American|Pizza,restaurants,Khobar,135082,American
Thai House,Thai,restaurants,Khobar,135057,Thai
the brunch room,Breakfast,restaurants,Khobar,135071,Breakfast
POSHAK,Sandwich|Grill|Indian,restaurants,Khobar,132830,Sandwich
Sabbosa,Sandwich|Fast Food|Arabic|Shawarma,restaurants,Khobar,135070,Sandwich
McCafé,Desserts|Bakery|Beverages|Coffee|Breakfast,restaurants,Khobar,135108,Desserts
Maestro Pizza,Fast Food|Italian|International|Pizza,restaurants,Khobar,135069,Fast Food
Shawarmer,Sandwich|Fast Food|Arabic|Shawarma,restaurants,Khobar,135047,Sandwich
Anoosh,Desserts|Bakery|Beverages|Coffee,restaurants,Khobar,135060,Desserts
Signature,Beverages|Juices,restaurants,Khobar,135038,Beverages
Dunkin Donuts,Desserts|Beverages|Coffee,restaurants,Khobar,135085,Desserts
Shawarma Hlayel,Fast Food|Beverages|Shawarma,restaurants,Khobar,135052,Fast Food
Cinnabon,Desserts|Beverages,restaurants,Khobar,135025,Desserts
Al-Omda Restaurant 1,Arabic|Egyptian,restaurants,Dhahran,135059,Arabic
RASK,Beverages|Coffee,restaurants,Dhahran,135027,Beverages
THE 3RD PLACE,Desserts|Bakery,restaurants,Dhahran,132825,Desserts
Om Elhamm,Desserts|Arabic|Coffee,restaurants,Dhahran,135030,Desserts
Sikkat Karak,Sandwich|Desserts|Beverages,restaurants,Dhahran,132834,Sandwich
Tea Creations,Beverages|Coffee,restaurants,Dhahran,135057,Beverages
AlMarsah Sea Food,Seafood,restaurants,Dhahran,135069,Seafood
SHATIRATI,Sandwich|Arabic|Shawarma,restaurants,Dhahran,132830,Sandwich
LEE sweet,Desserts|Arabic,restaurants,Dhahran,135040,Desserts
Aljud  Al Iraqi,Sandwich|Fast Food|Grill|Arabic,restaurants,Dhahran,135033,Sandwich
Sucre de Nada,Desserts,restaurants,Khobar,135054,Desserts
Burger Station,Sandwich|Fast Food|American|Burgers,restaurants,Khobar,135039,Sandwich
Dolma Mama,Fast Food|Arabic,restaurants,Khobar,135052,Fast Food
Labnah and Mansaf,Sandwich|Fast Food|Falafel,restaurants,Khobar,135081,Sandwich
Bab Bw Khawkha,Grill|Arabic,restaurants,Khobar,135066,Grill
Al Rawaq Al Shabi,Arabic|Saudi,restaurants,Khobar,135050,Arabic
Lucca Steak House,American|Beverages|Meat,restaurants,Khobar,135108,American
CAVO,Desserts|Coffee,restaurants,Khobar,135076,Desserts
Qishtya,Desserts,restaurants,Jubail,135057,Desserts
PocoDor,Desserts,restaurants,Jubail,135032,Desserts
Mamola,Desserts|Arabic|Coffee,restaurants,Jubail,132834,Desserts
Zad Alsultan,Arabic|Saudi,restaurants,Jubail,135057,Arabic
Abu Hilal Restaurants,Arabic,restaurants,Jubail,132830,Arabic
Kan Zamman,Sandwich|Grill|Arabic,restaurants,Jubail,135062,Sandwich
Al Qana`a  Restaurant,Fast Food|Arabic|International|Breakfast,restaurants,Jubail,135039,Fast Food
Royal Malabar,Grill|Indian|Beverages,restaurants,Jubail,135051,Grill
Cake House,Desserts,restaurants,Jubail,135041,Desserts
Liqimat And Heal,Desserts|Coffee,restaurants,Jubail,135057,Desserts
1/2 Balady,Sandwich|Grill|Arabic,restaurants,Jubail,135082,Sandwich
Jollibee,Fast Food|American,restaurants,Jubail,135054,Fast Food
Meat at Tony’s,American|Burgers,restaurants,Khobar,135108,American
Goat Diner,Sandwich|Fast Food|American,restaurants,Khobar,135069,Sandwich
Sofret Alkhos,Arabic,restaurants,Khobar,132830,Arabic
22 Coffee,Desserts|Beverages|Coffee,restaurants,Khobar,135070,Desserts
Kunafa kareema,Desserts,restaurants,Khobar,135071,Desserts
Hazel,Desserts|Bakery|Coffee,restaurants,Khobar,135000,Desserts
YeYe Burger,American|Burgers,restaurants,Khobar,132834,American
Sikkat Karak,Sandwich|Desserts|Beverages,restaurants,Khobar,135106,Sandwich
THE CLUB CL*B,Sandwich|Breakfast,restaurants,Khobar,135042,Sandwich
Yoo pasta,Italian|Pasta,restaurants,Khobar,132825,Italian
SI Pizza,Pizza,restaurants,Khobar,135060,Pizza
GHDAQ,Desserts,restaurants,Khobar,135032,Desserts
Different sweet,Desserts,restaurants,Khobar,135039,Desserts
Choco Flakes,Desserts,restaurants,Khobar,135045,Desserts
Bastah Karak,Sandwich|Fast Food|Beverages,restaurants,Khobar,135027,Sandwich
Dime,Desserts,restaurants,Khobar,135073,Desserts
Kenaz,Desserts,restaurants,Khobar,135051,Desserts
Arena,Desserts,restaurants,Khobar,135041,Desserts
twenty5,Desserts,restaurants,Khobar,135038,Desserts
Glamour Chocolate,Desserts,restaurants,Khobar,135028,Desserts
Youme Grape Leaves,Arabic,restaurants,Khobar,135030,Arabic
Nagwa Azouz,Beverages|Juices,restaurants,Khobar,135038,Beverages
Burgerizzr,Sandwich|Fast Food|Burgers,restaurants,Khobar,132825,Sandwich
Nana Toot,Desserts|Juices,restaurants,Khobar,135085,Desserts
Pizza Hut,Fast Food|Italian|Beverages|International|Pizza|Pasta|Salads,restaurants,Khobar,135062,Fast Food
Pizzarific,Italian|Pizza,restaurants,Khobar,135025,Italian
SUBWAY,Sandwich|Fast Food,restaurants,Khobar,135052,Sandwich
Baba Khabbaz,Desserts|Bakery,restaurants,Khobar,135028,Desserts
I Wish Burger,Sandwich|Fast Food|Arabic|American|Burgers,restaurants,Khobar,135032,Sandwich
Luxury Bakery,Desserts,restaurants,Khobar,135051,Desserts
Mazaya Al Mukhtas,Sandwich|Fast Food|Breakfast,restaurants,Dhahran,135027,Sandwich
Shajarat Al Durr,Sandwich|Grill|Arabic,restaurants,Dhahran,135050,Sandwich
bl halib,Fast Food|Desserts,restaurants,Dhahran,135076,Fast Food
Bostani,Desserts,restaurants,Dhahran,132830,Desserts
Sherba,Sandwich|Breakfast,restaurants,Dhahran,135066,Sandwich
Starbucks®,Desserts|Bakery|Beverages|Coffee|Breakfast|Roastery,restaurants,Dhahran,135041,Desserts
Tanoreen Restaurant,Grill|Shawarma|Pizza,restaurants,Dhahran,135057,Grill
Mafroomah,Sandwich|Fast Food|American|Burgers,restaurants,Khobar,135043,Sandwich
Camel Step,Coffee,restaurants,Khobar,135042,Coffee
One Thousand Nights Restauran,Fast Food|Grill|Arabic|Shawarma,restaurants,Khobar,135032,Fast Food
THE,Desserts|Bakery|Coffee|Breakfast,restaurants,Khobar,135085,Desserts
Jarful,Desserts,restaurants,Khobar,132845,Desserts
Shawarmetna,Arabic,restaurants,Khobar,135032,Arabic
Leos,Desserts|Bakery,restaurants,Khobar,135045,Desserts
MARVAT,Desserts,restaurants,Khobar,135038,Desserts
ABC DOUNUTS,Desserts,restaurants,Khobar,135060,Desserts
Trumbah,Desserts,restaurants,Khobar,135028,Desserts
jury,Desserts,restaurants,Khobar,135106,Desserts
YUM-A-SAMA SUSHI,Asian|International|Sushi|Japanese,restaurants,Khobar,135057,Asian
Queen BAKERY SWEET,Desserts|Coffee,restaurants,Khobar,135062,Desserts
CORE COFFEE & ROASTERY,Desserts|Bakery|Beverages|Coffee,restaurants,Khobar,135026,Desserts
Shawarma Bread Restaurant,Fast Food|Shawarma,restaurants,Khobar,135032,Fast Food
Meat at Tony’s,Fast Food|Burgers,restaurants,Khobar,132846,Fast Food
Nathri Al Sharqia,Arabic|Saudi,restaurants,Khobar,135027,Arabic
The Kingdom Of Pastries,Arabic|Pizza|Pastries,restaurants,Khobar,132847,Arabic
Foil,Fast Food|American|Burgers,restaurants,Khobar,135054,Fast Food
O Burger,Fast Food|American|Burgers,restaurants,Khobar,135082,Fast Food
AL BAHAR,Seafood|Noodles,restaurants,Khobar,135070,Seafood
MASKOB,Desserts|Beverages|Breakfast,restaurants,Khobar,132845,Desserts
Nab,Coffee|Salads|Breakfast,restaurants,Khobar,135108,Coffee
Kiin,Sandwich|Fast Food|American,restaurants,Khobar,132847,Sandwich
Almaknoon,Arabic|American|Burgers,restaurants,Khobar,132830,Arabic
Yofe,Arabic|Pastries,restaurants,Khobar,135000,Arabic
Quiz,Juices,restaurants,Khobar,134996,Juices
Mr Baker,Bakery|Breakfast|Pastries,restaurants,Khobar,134986,Bakery
Saturn,Desserts|Pastries,restaurants,Khobar,132851,Desserts
Applebee's,Grill|American,restaurants,Khobar,132834,Grill
ONDA Coffee,Desserts|Bakery|Coffee,restaurants,Khobar,135064,Desserts
Burger Fuel,Fast Food|American|Burgers,restaurants,Khobar,135079,Fast Food
Tangle,Desserts,restaurants,Khobar,135042,Desserts
Hathbah,Arabic|Seafood|Saudi,restaurants,Khobar,135085,Arabic
Leaf,Desserts|Beverages|Coffee,restaurants,Khobar,135025,Desserts
Raeeha,Arabic|Seafood,restaurants,Dammam,132825,Arabic
pave chocolatier,Desserts,restaurants,Dammam,135059,Desserts
The Leader Restaurant,Fast Food|Grill,restaurants,Dammam,135052,Fast Food
Abu El Tayeb Restaurant,Sandwich|Grill|Beverages,restaurants,Dammam,132754,Sandwich
LEE SWEET,Desserts|Arabic,restaurants,Dammam,135065,Desserts
Taka Khana,Fast Food|Grill,restaurants,Dammam,135045,Fast Food
PARTY BOX,Bakery|Pizza|Breakfast|Pastries,restaurants,Dammam,132854,Bakery
Sendebad Pastries,Pastries,restaurants,Dammam,132856,Pastries
Kutlet,Fast Food|American|Burgers,restaurants,Dammam,132858,Fast Food
Cake House,Desserts,restaurants,Dammam,132861,Desserts
Laiqer Cookies,Desserts|Coffee,restaurants,Dammam,132862,Desserts
Remal Aws,Arabic,restaurants,Dammam,132862,Arabic
Enab Beirut,Grill|Arabic,restaurants,Dammam,135063,Grill
Spark,Desserts|Coffee,restaurants,Dammam,135052,Desserts
Tgdeemat w Logimaat,Arabic|Beverages|Coffee,restaurants,Dammam,135060,Arabic
CAYK,Desserts|Arabic|American|Coffee,restaurants,Dammam,135042,Desserts
Reef Chocolate,Desserts,restaurants,Dammam,132825,Desserts
Al Taj Al Bukhari Restaurant,Arabic|Saudi,restaurants,Dammam,132856,Arabic
Rihantan,Sandwich|Grill|Beverages,restaurants,Dammam,135032,Sandwich
Fruit Farm Juices,Desserts|Beverages|Juices,restaurants,Dammam,132834,Desserts
Hello Sigdang,Asian|Korean,restaurants,Dammam,135039,Asian
Sandwich Faqeer,Sandwich|Fast Food,restaurants,Dammam,135028,Sandwich
Bogsha Visitor,Desserts,restaurants,Khobar,135025,Desserts
My Cakes,Desserts,restaurants,Khobar,135030,Desserts
Oriental Foods Restaurant,Fast Food|Grill|Arabic,restaurants,Khobar,135053,Fast Food
Rzon Luqaimat and pancake,Desserts,restaurants,Khobar,135058,Desserts
One Million,Sandwich|Desserts|Beverages|Coffee,restaurants,Khobar,132862,Sandwich
Fit corner,Healthy,restaurants,Khobar,135072,Healthy
Harmony Food,Sandwich|Healthy|Burgers|Salads,restaurants,Khobar,135030,Sandwich
Juice Time,Desserts|Beverages,restaurants,Khobar,135026,Desserts
Mugalat Al Fareej,Arabic|Beverages|Saudi,restaurants,Khobar,135035,Arabic
Just Diet,Healthy,restaurants,Khobar,135045,Healthy
Steak House Burger,Sandwich|American|Beverages|Burgers,restaurants,Dhahran,132861,Sandwich
Steak House,Grill|American|Beverages,restaurants,Dhahran,135085,Grill
Beit Misk,Sandwich|Fast Food|Arabic|Pizza|Pasta,restaurants,Dhahran,132723,Sandwich
Piatto,Italian|Pizza|Pasta,restaurants,Dhahran,132825,Italian
Curry Club,Grill|Indian,restaurants,Dhahran,135041,Grill
Lamod Coffee & More,Desserts|Beverages|Coffee,restaurants,Dhahran,132830,Desserts
Lava Sweets,Desserts|Beverages,restaurants,Dhahran,135076,Desserts
LLuvia,Arabic,restaurants,Dhahran,135038,Arabic
Fushi,Arabic|Sushi|Noodles,restaurants,Dhahran,132856,Arabic
TROUFA,Fast Food|Arabic,restaurants,Dhahran,135070,Fast Food
Tasty Toast,Sandwich|Fast Food|Breakfast,restaurants,Dhahran,135082,Sandwich
Zad Alduof kitchen,Arabic,restaurants,Dhahran,135108,Arabic
AVENS,Italian,restaurants,Khobar,132858,Italian
Dhahia Juice,Beverages|Juices,restaurants,Khobar,135069,Beverages
Baba Khan,Desserts|Indian|Beverages,restaurants,Khobar,132846,Desserts
Slider Code,American|Burgers,restaurants,Khobar,132845,American
Density,Desserts|Bakery|Beverages|Coffee|Roastery,restaurants,Khobar,132851,Desserts
Tu Yung,Fast Food|Asian|Japanese|Noodles,restaurants,Khobar,132847,Fast Food
The Butcher Shop and Grill for Retail,Butchery & Fishery,Butchery,Khobar,135038,Butchery & Fishery
Noodlii,Fast Food|Asian|Japanese|Noodles,restaurants,Khobar,135057,Fast Food
Saladii,Sandwich|International|Healthy|Vegetarian|Salads,restaurants,Khobar,135085,Sandwich
Butcher Loaf,Sandwich|Fast Food|International|Burgers,restaurants,Khobar,135032,Sandwich
Namq Caffee,Desserts|Coffee,restaurants,Khobar,135079,Desserts
Umbrella Bakehouse,Desserts|Bakery|Pastries,restaurants,Khobar,135046,Desserts
Woker,Asian|Sushi|Noodles,restaurants,Dhahran,132856,Asian
Taj Al Hind,Indian,restaurants,Dhahran,132854,Indian
Khorshid,Fast Food|Grill|Pizza,restaurants,Dhahran,135039,Fast Food
La Gondola,Grill|International|Salads|Meat,restaurants,Dhahran,132825,Grill
Shawarmancy,Shawarma,restaurants,Dhahran,135085,Shawarma
Red Bread,Desserts|Bakery,restaurants,Dhahran,135030,Desserts
Kailash Parbat,Indian|Beverages|Vegetarian,restaurants,Dhahran,135062,Indian
Neon Sushi,Sushi,restaurants,Dhahran,135047,Sushi
Coffee Clock,Desserts|Coffee,restaurants,Dhahran,135052,Desserts
Hobra,Desserts|Coffee,restaurants,Dhahran,132834,Desserts
Juice Dose,Desserts|Juices,restaurants,Dammam,135106,Desserts
Snack House,Sandwich|Fast Food|Burgers,restaurants,Dammam,132754,Sandwich
Al Fakhriya Dam Buffet,Sandwich|Fast Food,restaurants,Dammam,135052,Sandwich
sandwich 2,Fast Food|Arabic|Breakfast,restaurants,Dammam,132856,Fast Food
Abeer Alaryaf,Fast Food|Arabic,restaurants,Dammam,135032,Fast Food
Tanoor Al-Sham,Arabic|Pizza|Pastries,restaurants,Dammam,135025,Arabic
Mushakal Khafeef,Fast Food|Arabic|American|Saudi|Salads,restaurants,Dammam,132834,Fast Food
Falafel Dam,Fast Food|Falafel,restaurants,Dammam,135047,Fast Food
Bread Way,Desserts|Italian,restaurants,Dammam,135042,Desserts
Fundo,Desserts,restaurants,Dammam,135039,Desserts
Almumtaz,Grill|Shawarma|Juices|Falafel|Pastries,restaurants,Dammam,132866,Grill
N&D Bakery,Desserts,restaurants,Dammam,135066,Desserts
Bites,Desserts,restaurants,Dhahran,135085,Desserts
Chef Culture,Fast Food|Arabic,restaurants,Dhahran,135033,Fast Food
Kastrd,Desserts,restaurants,Dhahran,135062,Desserts
Nice do,Sandwich|Bakery|Healthy|Burgers|Breakfast,restaurants,Dhahran,132862,Sandwich
Mawoud Lounge,Fast Food|Arabic|International|Breakfast,restaurants,Dhahran,135030,Fast Food
Frutella Juices,Desserts|Beverages|Juices,restaurants,Dhahran,135079,Desserts
Lvue Bakery,Desserts|Bakery|Coffee,restaurants,Dhahran,135064,Desserts
Khafaif O Bss,Sandwich|Beverages,restaurants,Jubail,132869,Sandwich
The Perfect Burger,Burgers,restaurants,Jubail,132870,Burgers
Fakihat Aljubail for Juices,Beverages|Juices,restaurants,Jubail,135041,Beverages
Latayef and Khafayef for hijaz food,Arabic|Beverages,restaurants,Jubail,134986,Arabic
Lfaif Enbah,Arabic,restaurants,Jubail,134976,Arabic
RANDOM DOM,Fast Food|Arabic|Breakfast,restaurants,Jubail,132768,Fast Food
TASTE LADY,Arabic|Saudi,restaurants,Jubail,132766,Arabic
Josh,Fast Food|American,restaurants,Jubail,132825,Fast Food
Sanabels longing for sweets,Desserts,restaurants,Jubail,135064,Desserts
Sobia misbah khudary,Beverages|Juices,restaurants,Jubail,132856,Beverages
Pastry Hut,Grill|Bakery|Pizza|Pastries,restaurants,Jubail,135085,Grill
MATAEIM MARAM ALBUKHARI,Arabic|Saudi,restaurants,Dhahran,135032,Arabic
Aani & Dani,Desserts,restaurants,Dhahran,132834,Desserts
JUICECO,Beverages|Juices,restaurants,Dhahran,135052,Beverages
Alhatab Bakery,Arabic|Bakery,restaurants,Dhahran,135060,Arabic
Tawa,Desserts,restaurants,Dhahran,135051,Desserts
Pinkish Bite,Arabic,restaurants,Dhahran,135041,Arabic
Lotta,Desserts,restaurants,Dhahran,132754,Desserts
PocoDor,Desserts,restaurants,Dhahran,132862,Desserts
Mamola,Desserts|Arabic|Coffee,restaurants,Dhahran,135060,Desserts
Enabah,Arabic|Beverages|Juices|Lebanese,restaurants,Dhahran,135059,Arabic
Vert Cafe,Desserts|Beverages|Coffee,restaurants,Dammam,132834,Desserts
Manoosha 2 go,Arabic|Bakery|Breakfast,restaurants,Dammam,135058,Arabic
Mansaf Mansefha,Arabic,restaurants,Dammam,135038,Arabic
SHRINPY,Sandwich|Fast Food|Arabic,restaurants,Dammam,132825,Sandwich
Tasty Toast,Sandwich|Fast Food|Breakfast,restaurants,Dammam,135052,Sandwich
Costa Coffee®,Sandwich|Desserts|Beverages|Coffee,restaurants,Dammam,135063,Sandwich
Hummus and Foul Express restaurants,Arabic|Shawarma|Falafel|Pastries,restaurants,Dammam,135079,Arabic
Kufa,Sandwich|Fast Food,restaurants,Dammam,132834,Sandwich
Anoosh,Desserts|Bakery|Beverages|Coffee,restaurants,Dammam,135042,Desserts
KYAN Coffee,Desserts|Coffee,restaurants,Dammam,135032,Desserts
Mijana Grills,Grill,restaurants,Dammam,135106,Grill
Mijana,Sandwich|Grill|Arabic,restaurants,Dammam,132856,Sandwich
Mughal Biryani,Arabic|Indian|Saudi|Pakistani,restaurants,Dammam,135045,Arabic
Habits,Desserts|Beverages|Coffee|Breakfast,restaurants,Dammam,135060,Desserts
One half Restaurant & Cafe,Sandwich|Fast Food|Desserts|Grill|Coffee,restaurants,Dammam,135066,Sandwich
Pastel Cafe,Desserts|Coffee,restaurants,Dammam,135085,Desserts
FRYD,Healthy,restaurants,Dammam,135052,Healthy
Biryani Pot,Indian,restaurants,Dammam,132862,Indian
7 Juice,Beverages|Juices,restaurants,Khobar,135051,Beverages
Oryza,Desserts,restaurants,Khobar,135062,Desserts
Al Kanafany,Desserts,restaurants,Khobar,132875,Desserts
Mokarmal,Desserts,restaurants,Khobar,132877,Desserts
Arena Sweets,Desserts,restaurants,Khobar,132884,Desserts
JC Pasta,Italian|Pasta,restaurants,Dammam,132872,Italian
JC PASTA,Beverages|Pasta|Vegetarian|Noodles,restaurants,Dammam,135034,Beverages
Bomboloni,Desserts|Coffee,restaurants,Dammam,135058,Desserts
Candy Club,Desserts|Coffee,restaurants,Dammam,135086,Desserts
Papa Kanafa,Desserts,restaurants,Dammam,132861,Desserts
Pafe dous,Breakfast|Pastries,restaurants,Dammam,135049,Breakfast
bake Away,Desserts|Coffee|Pastries,restaurants,Dammam,132723,Desserts
Mays Al Qamar,Sandwich|Fast Food|Grill|Pizza,restaurants,Dammam,132723,Sandwich
CREPELE,Desserts|Coffee|Pastries,restaurants,Dammam,135086,Desserts
KYAN,Desserts|Coffee,restaurants,Dammam,135055,Desserts
Shaky Shake,Arabic|Beverages|Coffee,restaurants,Dammam,135058,Arabic
Blovers Burger,Sandwich|American|Burgers,restaurants,Khobar,135085,Sandwich
Puncak Restaurant,Asian|Indonesian,restaurants,Khobar,135064,Asian
Fawala Al Hilal,Arabic|Juices|Breakfast,restaurants,Khobar,135035,Arabic
Bellevento,Italian,restaurants,Khobar,135072,Italian
Sea Foods Restaurant,Sandwich|Seafood,restaurants,Khobar,135025,Sandwich
Samoli Bar,Sandwich|Beverages|Breakfast,restaurants,Khobar,135032,Sandwich
Caffeination,Desserts|Coffee,restaurants,Khobar,135086,Desserts
QR Restaurants,Fast Food|International,restaurants,Khobar,132572,Fast Food
El TACORIA,Sandwich|Fast Food|Mexican,restaurants,Khobar,135038,Sandwich
pave chocolatier,Desserts,restaurants,Khobar,132885,Desserts
Motive,Beverages,restaurants,Khobar,135076,Beverages
Maxim Restaurants,Grill|Arabic|Juices,restaurants,Khobar,132834,Grill
CUtit,Fast Food|Burgers,restaurants,Khobar,132866,Fast Food
Anoosh,Desserts|Bakery|Beverages|Coffee,restaurants,Khobar,132858,Desserts
Fiber,Sandwich|Beverages|Healthy|Salads,restaurants,Khobar,135043,Sandwich
Nakhat Alsharq,Asian|Indian,restaurants,Khobar,132885,Asian
MALAMA,Fast Food,restaurants,Khobar,132854,Fast Food
A Cuppa,Desserts|Coffee,restaurants,Khobar,132872,Desserts
Khazaf Tea,Desserts|Beverages|Coffee,restaurants,Khobar,135108,Desserts
El Artisano,Desserts|Bakery|Coffee|Saudi|Breakfast|Pastries,restaurants,Dammam,132851,Desserts
Donatella,Desserts,restaurants,Dammam,132856,Desserts
quiet,Desserts,restaurants,Dammam,132869,Desserts
Rashof,Healthy,restaurants,Dammam,135066,Healthy
Master Chef,Sandwich|Grill|Seafood,restaurants,Dammam,135069,Sandwich
Si Metwally,Arabic|Egyptian|Shawarma,restaurants,Dammam,135038,Arabic
Cook Meal,Sandwich|Grill|Arabic,restaurants,Dammam,135060,Sandwich
Restaurant and Mutbokh Al dirah,Sandwich|Fast Food|Arabic|Shawarma,restaurants,Dammam,135045,Sandwich
Qoutof and Hala,Desserts,restaurants,Dammam,132846,Desserts
Master Shawarma,Sandwich|Fast Food|Arabic,restaurants,Dammam,135054,Sandwich
Bash bakery,Desserts|Arabic|Bakery,restaurants,Dammam,135042,Desserts
shawrma7,Sandwich|Shawarma,restaurants,Dammam,132773,Sandwich
skreys,Beverages|Coffee|Juices,restaurants,Dammam,134999,Beverages
Bayt Sharq,Arabic|Seafood,restaurants,Dammam,135013,Arabic
Al Kanafany Sweet,Desserts,restaurants,Dhahran,135019,Desserts
Glēo,Desserts|Ice Cream,restaurants,Dhahran,135021,Desserts
Shams Alsham,Fast Food|Arabic|Pastries,restaurants,Dhahran,135021,Fast Food
Qalaat Darb Halap,Sandwich|Fast Food|Grill|Shawarma,restaurants,Dhahran,132767,Sandwich
almond,Pastries,restaurants,Dhahran,135013,Pastries
Push Pull,Arabic|Vegetarian,restaurants,Dhahran,134999,Arabic
Shabab Bukhari,Arabic,restaurants,Dhahran,135019,Arabic
Caribou Coffee,Sandwich|Desserts|Beverages|Coffee,restaurants,Dhahran,132767,Sandwich
Juice Arena,Beverages|Juices,restaurants,Dhahran,134999,Beverages
Greens,Sandwich|Beverages,restaurants,Dhahran,132768,Sandwich
Keto oven,Arabic|Bakery|Healthy,restaurants,Dhahran,135021,Arabic
AL Maameer Bakery,Desserts|Bakery,restaurants,Khobar,134996,Desserts
TEA BU SAIF,Sandwich|Desserts|Coffee,restaurants,Khobar,135079,Sandwich
SOLD OUT,Sandwich|Fast Food|Burgers,restaurants,Khobar,135072,Sandwich
BLABAN,Desserts|Arabic|Bakery|Egyptian|International|Ice Cream|Vegetarian|Pastries,restaurants,Khobar,135085,Desserts
Koshari Hend,Fast Food|Arabic|Egyptian,restaurants,Khobar,135076,Fast Food
Arabyat Kebda,Sandwich|Fast Food|Egyptian,restaurants,Khobar,135062,Sandwich
uncle Samir,Arabic|Bakery|Egyptian|Breakfast,restaurants,Khobar,135060,Arabic
Mugalat Al Fareej,Arabic|Beverages|Saudi,restaurants,Khobar,135039,Arabic
HAVE IT,Sandwich|Beverages|International,restaurants,Khobar,135052,Sandwich
Tulum Cafe,Desserts|Coffee,restaurants,Khobar,132856,Desserts
TACOVILLE,Fast Food|Mexican|Burgers,restaurants,Dhahran,135051,Fast Food
Mofattah Afandi,Arabic,restaurants,Dhahran,135025,Arabic
SAYYAD RESTAURANT,Seafood,restaurants,Dhahran,135041,Seafood
Shawarmer,Sandwich|Fast Food|Arabic|Shawarma,restaurants,Dhahran,135038,Sandwich
Flaky,Fast Food|Burgers,restaurants,Dhahran,135032,Fast Food
Shrimp Zone,Seafood,restaurants,Dhahran,135045,Seafood
Shawermagy,Sandwich|Fast Food,restaurants,Dhahran,134986,Sandwich
Hamburgini Burger,Sandwich|Burgers,restaurants,Dhahran,134992,Sandwich
Trip,Fast Food|Burgers,restaurants,Dhahran,132845,Fast Food
OBAO,International,restaurants,Dhahran,135071,International
Macarena,Italian|Pasta|Noodles,restaurants,Dhahran,132858,Italian
Sabbosa,Sandwich|Fast Food|Arabic|Shawarma,restaurants,Dhahran,132854,Sandwich
Kholoud El Nile Restaurant,Seafood,restaurants,Dammam,132877,Seafood
Lunar,Arabic,restaurants,Dammam,135071,Arabic
Al tandeel restaurant,Fast Food|Arabic|Seafood,restaurants,Dammam,132851,Fast Food
Beta Bakery and Sweets,Desserts|Bakery,restaurants,Dammam,135108,Desserts
Indian Tanoor Restaurant,Indian,restaurants,Dammam,132869,Indian
Shay Khana,Desserts|Beverages,restaurants,Dammam,132869,Desserts
Almoqsef Alsari,Fast Food|Pizza|Breakfast,restaurants,Dammam,132870,Fast Food
Jar Bakery,Sandwich|Grill|Bakery|Burgers|Pasta,restaurants,Dammam,132851,Sandwich
Come to Momma,Sandwich|Desserts|Shawarma|Burgers|Breakfast,restaurants,Dammam,132847,Sandwich
Habshah,Sandwich|Arabic|Falafel|Breakfast,restaurants,Dammam,135082,Sandwich
Finca,Desserts|Beverages|Coffee|Breakfast,restaurants,Dammam,132854,Desserts
Fakhr Al Dahiya Restaurant,Arabic,restaurants,Dammam,132845,Arabic
Danderah,Seafood,restaurants,Dammam,132866,Seafood
Blue Burger and Pasta,Fast Food|Italian|American|Burgers,restaurants,Dammam,132870,Fast Food
Qasser Al Madhbi,Arabic|Saudi,restaurants,Dammam,135054,Arabic
Thulthain,Sandwich|Fast Food|Shawarma,restaurants,Dammam,132869,Sandwich
Danshal,Grill|Asian|Indian|Noodles,restaurants,Dammam,132851,Grill
Luqaimat Lin,Fast Food|Arabic,restaurants,Dammam,132877,Fast Food
Avenue Cafe,Desserts|Coffee|Juices|Breakfast,restaurants,Khobar,132872,Desserts
Chopped Philly,Sandwich|Fast Food|American|Burgers,restaurants,Khobar,132872,Sandwich
Last Call Burger,Fast Food|American|Burgers,restaurants,Khobar,135039,Fast Food
Sushi Yoshi,Asian|Seafood|Sushi|Japanese,restaurants,Khobar,135027,Asian
SHAWATI,Arabic|Saudi,restaurants,Khobar,135073,Arabic
3K Chocolate,Desserts|Arabic,restaurants,Khobar,135106,Desserts
SOLACE,Desserts,restaurants,Khobar,132856,Desserts
Delight,Desserts|Arabic,restaurants,Khobar,135032,Desserts
LEBOHNEUR CHOCOLATE,Desserts|Gluten-Free,restaurants,Khobar,135038,Desserts
Laffah,Desserts,restaurants,Khobar,135051,Desserts
Bata Restaurant,Grill|Arabic|Egyptian,restaurants,Khobar,135052,Grill
Holycow Burgers,Sandwich|Fast Food|American|Beverages,restaurants,Khobar,135041,Sandwich
The Pizza Bar,Italian|Pizza,restaurants,Khobar,135085,Italian
Beyond Salad,Salads,restaurants,Khobar,135040,Salads
Little India,Indian,restaurants,Khobar,135039,Indian
Pasta BAR,Italian|Pasta,restaurants,Khobar,135045,Italian
Balcony Taste,Grill|Italian|Seafood,restaurants,Khobar,135033,Grill
Lucas Pastaria,Italian|Pasta|Salads,restaurants,Khobar,135025,Italian
il capo pasta,Italian|Pasta,restaurants,Khobar,135051,Italian
Patatia,Sandwich|Fast Food,restaurants,Khobar,135085,Sandwich
Mission Wok,Asian|Japanese,restaurants,Khobar,135106,Asian
Shawarma King,Sandwich|Fast Food|Arabic|Shawarma,restaurants,Khobar,135052,Sandwich
Basbousah Taste,Desserts|Arabic,restaurants,Dhahran,135041,Desserts
KYAN,Coffee,restaurants,Dhahran,132872,Coffee
Blanco,Desserts|Beverages|Coffee,restaurants,Dhahran,135058,Desserts
JARJEER,Fast Food|Indian|Salads,restaurants,Dhahran,135079,Fast Food
Dallat Al Faris,Desserts|Beverages|Coffee,restaurants,Dhahran,135085,Desserts
CHACLET,Desserts,restaurants,Dhahran,135042,Desserts
KUBA Broasted,Fast Food,restaurants,Dhahran,132856,Fast Food
Tabaq Hegazi Manto And Yaghmash,Fast Food|Saudi,restaurants,Dhahran,132825,Fast Food
Reem Al Khobar Sweets,Desserts,restaurants,Khobar,132834,Desserts
SANABLY BAKERY,Arabic|Bakery,restaurants,Khobar,135038,Arabic
The Sham Panorama Epic,Butchery & Fishery,Butchery,Khobar,132834,Butchery & Fishery
Sanabel Al Salam,Desserts,restaurants,Khobar,135060,Desserts
Just Samboosa,Fast Food|Arabic|Beverages|Saudi|Vegetarian|Meat,restaurants,Dammam,135058,Fast Food
AL Maameer Bakery,Desserts|Bakery,restaurants,Dammam,135032,Desserts
Alkhafeef,Grill|Arabic|Bakery,restaurants,Dammam,135063,Grill
Mezbaan,Fast Food|Desserts|Indian,restaurants,Dammam,132856,Fast Food
Pinzatta,Sandwich|Fast Food|Italian|Healthy|Pizza,restaurants,Dammam,135045,Sandwich
Kottouf Sweets,Desserts|Beverages,restaurants,Dammam,135028,Desserts
Flafel Al Rawi,Sandwich|Fast Food|Breakfast,restaurants,Dammam,135032,Sandwich
Just Biryani,Arabic|Indian,restaurants,Dammam,135042,Arabic
Hash Two,Sandwich|Fast Food|Desserts,restaurants,Dammam,135060,Sandwich
Naqsa,Arabic,restaurants,Dammam,135049,Arabic
Sana'at Omi Lateefa,Desserts|Arabic,restaurants,Dammam,135026,Desserts
Kate,Desserts,restaurants,Khobar,135034,Desserts
Ulin,Desserts,restaurants,Khobar,135048,Desserts
Lolliva Chocolate,Desserts,restaurants,Khobar,135065,Desserts
Sugar Coated,Desserts,restaurants,Khobar,132755,Desserts
Larina,Desserts|Arabic,restaurants,Khobar,132723,Desserts
Lusso,Desserts|Arabic,restaurants,Khobar,135085,Desserts
Raftaar,Indian,restaurants,Khobar,135053,Indian
Elephant Cafe,Desserts|Coffee,restaurants,Khobar,135071,Desserts
Khabrieh,Grill|Lebanese,restaurants,Khobar,132825,Grill
Shrimp Shack,Seafood,restaurants,Khobar,135085,Seafood
subway,Sandwich|Fast Food|Healthy,restaurants,Khobar,135052,Sandwich
Seef Darin seafood,Seafood,restaurants,Khobar,135046,Seafood
Fresh House,Sandwich|Healthy|Breakfast,restaurants,Khobar,135062,Sandwich
Cosmo,Desserts|Coffee,restaurants,Khobar,132572,Desserts
Amazonas 4U,Desserts,restaurants,Khobar,135038,Desserts
Go-Ya,Sandwich|Fast Food|American,restaurants,Khobar,135045,Sandwich
Qursan Al Orubah,Fast Food|Arabic|Bakery|Pizza,restaurants,Dhahran,135025,Fast Food
Chocolate Design,Desserts,restaurants,Dhahran,132834,Desserts
Shahrazade,Arabic|Indian,restaurants,Dhahran,132723,Arabic
Pizza Hut,Fast Food|Italian|Beverages|International|Pizza|Pasta|Salads,restaurants,Dhahran,134996,Fast Food
The Lunch Box,Sandwich|Fast Food|Asian,restaurants,Dhahran,132875,Sandwich
Salkara,Fast Food|Indian|International,restaurants,Dhahran,135043,Fast Food
Madeleine,Desserts|Bakery,restaurants,Dhahran,132885,Desserts
Ghazi,Asian|Indian|Beverages,restaurants,Dhahran,135050,Asian
Juice World,Beverages|Juices,restaurants,Dhahran,135076,Beverages
Zumrut,Sandwich|Grill,restaurants,Dhahran,135081,Sandwich
Archi,Sandwich|Desserts|Coffee|Healthy|Salads,restaurants,Dhahran,135028,Sandwich
Bask,Sandwich|Fast Food|American|Coffee|Breakfast,restaurants,Dhahran,132856,Sandwich
Hashikom,Arabic|Saudi,restaurants,Dhahran,135042,Arabic
Modawar,Sandwich|Fast Food|Breakfast,restaurants,Dhahran,135059,Sandwich
Khair Al Baraka Al Bukhari Restaurant,Arabic|Saudi,restaurants,Dhahran,132825,Arabic
Al Laziza Shawarma and Pastries,Fast Food|Arabic|Shawarma|Pastries,restaurants,Dhahran,132872,Fast Food
Italiano,Arabic,restaurants,Dhahran,135055,Arabic
Paradise Beach Club,Beverages|Coffee,restaurants,Dammam,135032,Beverages
Khokh W Meshmesh,Desserts|Beverages,restaurants,Dammam,132825,Desserts
Diwaniat Qahwat Almasa,Desserts|Beverages|Coffee,restaurants,Dammam,135063,Desserts
Kokoro,Japanese,restaurants,Dammam,135042,Japanese
CINNABON,Desserts,restaurants,Dammam,135058,Desserts
Saldwich,Sandwich|Fast Food|Healthy,restaurants,Dammam,135085,Sandwich
OJAIR,Desserts|Beverages|Coffee,restaurants,Dammam,135038,Desserts
Madareem Sweets,Desserts|Pastries,restaurants,Dammam,132872,Desserts
Mandi Quick Meal,Arabic|Saudi,restaurants,Dammam,135081,Arabic
Sinjar Grill,Grill|Arabic,restaurants,Dammam,135060,Grill
Fisher Net,Seafood,restaurants,Dammam,135106,Seafood
Pastel,Desserts|Coffee,restaurants,Dammam,135041,Desserts
basbousa pro,Desserts,restaurants,Dammam,132834,Desserts
ALFORN BASBUSA,Desserts,restaurants,Dammam,135052,Desserts
9Eleven Burger,Fast Food|Burgers,restaurants,Dammam,135079,Fast Food
Al Saddah World Restaurant,Fast Food|Grill|Arabic|Meat,restaurants,Dammam,132846,Fast Food
Baladna,Sandwich|Fast Food|Grill,restaurants,Dhahran,132885,Sandwich
Grill patron,Sandwich|Grill|Arabic,restaurants,Dhahran,135060,Sandwich
Waha Al Rehab Restaurant,Grill|Pastries,restaurants,Dhahran,132856,Grill
Specialist Juice,Juices,restaurants,Dhahran,135026,Juices
Ocean Bakery,Desserts|Bakery,restaurants,Dhahran,135066,Desserts
Alfuruj Grilled Chicken,Fast Food|Grill|Juices,restaurants,Dhahran,135065,Fast Food
DAO Boutique,Desserts,restaurants,Dhahran,132872,Desserts
T.FEX,Healthy,restaurants,Dammam,135058,Healthy
Pasta Express,Italian,restaurants,Dammam,132834,Italian
Katso Sushi,Asian|Sushi|Noodles,restaurants,Dammam,132754,Asian
Anarkali,Indian,restaurants,Dammam,135079,Indian
Sugar whisk,Desserts|Coffee,restaurants,Dammam,135038,Desserts
AlMashwi AlMdalal,Grill|Arabic,restaurants,Dammam,135085,Grill
Mdalal,Arabic|Saudi,restaurants,Dammam,135030,Arabic
QASAB AlOMDIH,Arabic|Beverages,restaurants,Dammam,135064,Arabic
Priana,Seafood|Indian,restaurants,Dammam,135053,Seafood
BAIT AL ROBYAN,Grill|Asian|Seafood,restaurants,Dammam,132921,Grill
De Factory Burger,American|Burgers,restaurants,Dammam,132922,American
Life and Fork,Healthy,restaurants,Dammam,132925,Healthy
Mielo,Desserts,restaurants,Dammam,132921,Desserts
Drama,Fast Food,restaurants,Dammam,135085,Fast Food
Burgerizzr,Sandwich|Fast Food|Burgers,restaurants,Dammam,132825,Sandwich
AGHA KUNAFA,Desserts,restaurants,Dammam,135079,Desserts
Healthy Yard,Sandwich|Grill|Asian|Arabic|American|Seafood|Healthy|Vegetarian|Salads|Breakfast|Meat,restaurants,Dammam,135032,Sandwich
Pastries and Loqimat Tarawa,Fast Food|Desserts|Breakfast|Pastries,restaurants,Dammam,135038,Fast Food
Juice Time,Desserts|Beverages,restaurants,Khobar,132861,Desserts
LMK,Sandwich|Fast Food|American|Burgers,restaurants,Khobar,135046,Sandwich
Section-B,Fast Food|Burgers,restaurants,Khobar,132862,Fast Food
Masami Sushi,Asian|Seafood|Sushi|Japanese,restaurants,Khobar,132921,Asian
Wild Bowls,Italian|International,restaurants,Khobar,132884,Italian
Foil,Fast Food|American|Burgers,restaurants,Dhahran,135055,Fast Food
O Burger,Fast Food|American|Burgers,restaurants,Dhahran,135035,Fast Food
Keef Al Qaisariah,Arabic|Beverages|Breakfast,restaurants,Dhahran,135065,Arabic
Dunkin Donuts,Desserts|Beverages|Coffee,restaurants,Dhahran,135028,Desserts
Sheikha Sweets,Desserts|Bakery,restaurants,Dhahran,135085,Desserts
Sea Meal,Asian|Seafood,restaurants,Dhahran,135046,Asian
Derby Coffee,Juices,restaurants,Khobar,135045,Juices
Lqmh W Karak,Sandwich|Beverages,restaurants,Khobar,132951,Sandwich
Ziba,Asian|Arabic,restaurants,Khobar,132572,Asian
Kabst Qadr,Arabic,restaurants,Khobar,132921,Arabic
BECHAMELLA,Fast Food|Arabic,restaurants,Khobar,135075,Fast Food
CHAYLAH,Grill|Arabic,restaurants,Khobar,135038,Grill
SHAWARMA ZONE,Shawarma,restaurants,Khobar,135030,Shawarma
Boufiat Tarweqa,Sandwich|Fast Food|Breakfast,restaurants,Khobar,135058,Sandwich
LOCHE,Desserts,restaurants,Dammam,135064,Desserts
wild chocolate,Desserts,restaurants,Dammam,135028,Desserts
RZOON CHOCOLATE,Desserts,restaurants,Dammam,132951,Desserts
Baks,Desserts,restaurants,Dammam,135064,Desserts
Gidr Mandi Al Hasa Restaurant,Arabic|Saudi,restaurants,Dammam,132921,Arabic
Kudu,Sandwich|Fast Food|Grill|Burgers|Breakfast,restaurants,Dammam,132825,Sandwich
McDonald's KSA,Sandwich|Fast Food|Desserts|American|Beverages|Coffee|International|Breakfast,restaurants,Dammam,132754,Sandwich
5.SEEDS COFFE,Desserts|Coffee,restaurants,Dammam,135075,Desserts
McCafé,Desserts|Bakery|Beverages|Coffee|Breakfast,restaurants,Dammam,135026,Desserts
Lorenzo Pizza,Sandwich|Fast Food|Italian|International|Pizza|Pasta|Salads,restaurants,Dammam,132862,Sandwich
La Casa Pasta,Italian|Pasta,restaurants,Dammam,132872,Italian
Casa Juice alrakah,Beverages|Juices,restaurants,Dammam,135085,Beverages
Areekah Madina,Desserts|Arabic|Breakfast,restaurants,Dammam,135041,Desserts
Alraha,Arabic,restaurants,Dammam,135072,Arabic
The Oven Peel,Sandwich|Arabic|Pizza|Pastries,restaurants,Dammam,132834,Sandwich
Fawala Al Hilal,Arabic|Juices|Breakfast,restaurants,Dammam,132937,Arabic
Healthy Style,Arabic|Healthy,restaurants,Dammam,132875,Arabic
Maiz,Sandwich|Fast Food|Grill,restaurants,Dammam,135038,Sandwich
Subh W Mesa,Fast Food|Arabic,restaurants,Dammam,132922,Fast Food
Sala Pizza,Sandwich|Italian|Pizza,restaurants,Dammam,132825,Sandwich
Caitlin bakery,Desserts|Bakery,restaurants,Dhahran,135075,Desserts
Coffee Address,Desserts|Coffee,restaurants,Dhahran,135079,Desserts
Dolma,Arabic,restaurants,Dhahran,132723,Arabic
PARK COFFEE,Desserts|Beverages|Coffee,restaurants,Dhahran,132861,Desserts
FREE MOMENT,Fast Food|Beverages|Pasta,restaurants,Dhahran,132755,Fast Food
Loon,Desserts,restaurants,Dhahran,132875,Desserts
Leen,Grill|Shawarma,restaurants,Dhahran,135080,Grill
Qafshah,Sandwich|Arabic|Breakfast,restaurants,Dhahran,135086,Sandwich
La tavola,Fast Food|Italian,restaurants,Dhahran,135079,Fast Food
Different Juice,Juices|Ice Cream,restaurants,Dhahran,135066,Juices
HUSH,Sandwich|Italian|International|Pasta,restaurants,Dhahran,135080,Sandwich
Deflore,Desserts|Coffee,restaurants,Dhahran,132921,Desserts
FRN,Bakery|Coffee|Breakfast|Pastries,restaurants,Dhahran,132572,Bakery
Shobak,Italian|Arabic|Bakery,restaurants,Dhahran,135052,Italian
Karak Bilal,Sandwich|Beverages,restaurants,Dhahran,132884,Sandwich
La Casa Pasta,Italian|Pasta,restaurants,Dhahran,135035,Italian
FAHDA,Desserts,restaurants,Dammam,132937,Desserts
PECANOLLI,Desserts,restaurants,Dammam,132951,Desserts
Carmola,Desserts|Arabic,restaurants,Dammam,132925,Desserts
velan chocolate,Desserts,restaurants,Dammam,132872,Desserts
Hint,Desserts,restaurants,Dammam,132875,Desserts
Afran Pastries,Pizza|Falafel|Pastries,restaurants,Dammam,135085,Pizza
Be healthy,Healthy,restaurants,Dammam,135042,Healthy
Frutella Juices,Desserts|Beverages|Juices,restaurants,Dammam,135062,Desserts
Manoosha Alreef,Sandwich|Fast Food|Pastries,restaurants,Khobar,135047,Sandwich
Rice and Roll,Asian|International|Sushi|Japanese,restaurants,Khobar,135059,Asian
Drama,Fast Food,restaurants,Khobar,132937,Fast Food
PEP&CO,Healthy,restaurants,Khobar,135085,Healthy
Burgerizzr,Sandwich|Fast Food|Burgers,restaurants,Khobar,132834,Sandwich
Five Guys,Fast Food|American|Beverages|Burgers,restaurants,Khobar,132754,Fast Food
QABULI,Arabic|Saudi,restaurants,Khobar,132825,Arabic
Dokan Falafel,Sandwich|Arabic|Falafel|Breakfast,restaurants,Dammam,132921,Sandwich
Luqaimat Talia,Desserts|Arabic,restaurants,Dammam,132862,Desserts
Light & Grilled,Sandwich|Grill|Pastries,restaurants,Dammam,132922,Sandwich
Crepe Roll,Desserts|Coffee,restaurants,Dammam,135063,Desserts
Twin Manakish,Italian|Pizza|Pastries,restaurants,Dammam,132921,Italian
Kottouf Sweets,Desserts|Arabic|Beverages|Coffee,restaurants,Dammam,135085,Desserts
Koshary LOOZ W WARD,Egyptian,restaurants,Dammam,132922,Egyptian
Fidda Logimat,Desserts,restaurants,Dammam,132937,Desserts
Blue ice,Beverages|Juices,restaurants,Dammam,135045,Beverages
Mango Mix,Desserts|Juices,restaurants,Dammam,135041,Desserts
Sour Grape Leave,Arabic,restaurants,Dammam,135060,Arabic
G Jar,Arabic,restaurants,Dammam,132951,Arabic
Mr. Maosub Resturant,Fast Food,restaurants,Dammam,132921,Fast Food
yours,Fast Food|American|Burgers,restaurants,Dhahran,132834,Fast Food
okai,Fast Food|American|Burgers,restaurants,Dhahran,132951,Fast Food
Kutlet,Fast Food|American|Burgers,restaurants,Dhahran,135062,Fast Food
Aseer Restaurant,Arabic,restaurants,Dhahran,135086,Arabic
Al Fakhriya Dam Buffet,Sandwich|Fast Food,restaurants,Dhahran,135085,Sandwich
Alliwa' Al'akhdar Restaurant,Arabic|Breakfast,restaurants,Dhahran,132834,Arabic
Bakely,Desserts|Bakery|Breakfast,restaurants,Dhahran,132572,Desserts
Mizo,Fast Food|Desserts|Beverages,restaurants,Khobar,132862,Fast Food
Grape Leaves Soma,Arabic,restaurants,Khobar,135058,Arabic
Shawati Al Khalij,Arabic|Saudi,restaurants,Khobar,135059,Arabic
Baby Tais,Arabic|Saudi,restaurants,Khobar,135062,Arabic
Shaghaf Kitchen For Serving Meals,Arabic,restaurants,Khobar,132825,Arabic
Pink Duck,Ice Cream,restaurants,Khobar,132723,Ice Cream
Shashlik,Fast Food|Grill|Arabic,restaurants,Khobar,132755,Fast Food
Mandi Al Ahsa,Arabic|Saudi,restaurants,Khobar,135042,Arabic
Effect Coffee,Desserts|Beverages|Coffee,restaurants,Khobar,132884,Desserts
Ladha Ezzo,Desserts|Arabic,restaurants,Khobar,135049,Desserts
karak aziz,Sandwich|Coffee,restaurants,Khobar,135075,Sandwich
Oceana,Asian|Seafood|Beverages,restaurants,Khobar,132825,Asian
Chef Hassan Restaurant,Arabic|Beverages|Saudi,restaurants,Khobar,135065,Arabic
Nkht Balah,Desserts|Arabic,restaurants,Khobar,135058,Desserts
Yaki,Japanese,restaurants,Khobar,132723,Japanese
Kazoya,International|Japanese,restaurants,Khobar,132951,International
OK BAB KOREAN RESTAURANT,Japanese|Korean,restaurants,Khobar,132872,Japanese
JIN GO GAI,Korean,restaurants,Khobar,132834,Korean
Copper Chandni,Grill|Indian|Juices,restaurants,Khobar,135072,Grill
China Town,Asian|Indian,restaurants,Khobar,132754,Asian
Palace India,Asian|Indian,restaurants,Khobar,132755,Asian
Texas Roadhouse,Grill|American|Seafood|Burgers|Salads|Meat,restaurants,Khobar,132825,Grill
MAD BOBA,Beverages,restaurants,Khobar,135048,Beverages
HIL and saffron cafe,Desserts|Coffee,restaurants,Khobar,132921,Desserts
Antar sandwich,Sandwich|Fast Food,restaurants,Khobar,135026,Sandwich
Mama Noura,Fast Food|Grill|Arabic|Beverages|Shawarma,restaurants,Khobar,132723,Fast Food
abaq tea,Beverages|Coffee|Pastries,restaurants,Khobar,135075,Beverages
Shaabiyat Tihama,Sandwich|Arabic,restaurants,Jubail,135034,Sandwich
Madghut Wabahar,Arabic|Saudi,restaurants,Jubail,135041,Arabic
Manakish AL Jawhara,Desserts|Arabic|Bakery,restaurants,Jubail,132572,Desserts
CHEFS GRILL,Sandwich|Fast Food|American|Beverages|Shawarma,restaurants,Jubail,135075,Sandwich
Alkhair Delicious Restaurant,Indian|International,restaurants,Jubail,135046,Indian
Dom Bakery,Desserts,restaurants,Jubail,132572,Desserts
Sanabel Jubail,Desserts|Bakery,restaurants,Jubail,135058,Desserts
Jadid Atiaf Bukhari Restaurant,Arabic,restaurants,Jubail,135044,Arabic
Bait AlWalaim,Grill|Arabic|Saudi,restaurants,Jubail,135065,Grill
Kunafat Mudhyaf,Desserts|Arabic,restaurants,Jubail,132921,Desserts
Rboa Sanaa,Sandwich|Fast Food|Arabic,restaurants,Jubail,135085,Sandwich
Kebabgy Corner,Sandwich|Fast Food|Grill|Arabic|Saudi,restaurants,Dammam,132572,Sandwich
Antar sandwich,Sandwich|Fast Food,restaurants,Dammam,135058,Sandwich
BURGER WAQF,Burgers,restaurants,Dammam,132951,Burgers
Mazmoiselle Grape Leaves,Arabic,restaurants,Dammam,132861,Arabic
Utti,Grill|International|Burgers,restaurants,Dammam,135001,Grill
Chickless Ice Cream,Ice Cream,restaurants,Dammam,134983,Ice Cream
Archi,Sandwich|Desserts|Coffee|Healthy|Salads,restaurants,Dammam,135021,Sandwich
Costa Juice,Beverages|Juices,restaurants,Dammam,134992,Beverages
Pen Roastery,Desserts|Beverages|Coffee,restaurants,Dammam,132768,Desserts
Romansi Al Sharqiya,Grill|Arabic,restaurants,Dammam,135109,Grill
El Hijazi Liver,Sandwich|Arabic|Saudi,restaurants,Dammam,132954,Sandwich
Cinnzeo,Desserts|Beverages,restaurants,Dhahran,132955,Desserts
Diet Center,Sandwich|Desserts|Beverages|Healthy|Burgers|Vegetarian|Salads,restaurants,Dhahran,132958,Sandwich
Alexandria for Sea Food,Seafood,restaurants,Dhahran,132754,Seafood
Kottu Hut,Asian,restaurants,Dhahran,135064,Asian
Johnny Rockets,American,restaurants,Dhahran,135075,American
Chicken Rocket Chargha,Asian|Pakistani,restaurants,Dhahran,135028,Asian
The legend  of Chocolate,Desserts,restaurants,Dhahran,132834,Desserts
Chicken Tikka,Fast Food|Asian|Indian,restaurants,Dhahran,135086,Fast Food
MLW,Desserts,restaurants,Dammam,132754,Desserts
SEABAR,Seafood,restaurants,Khobar,135080,Seafood
Mr. Falafel,Sandwich|Fast Food|Arabic|Falafel,restaurants,Khobar,135062,Sandwich
Poca Coffee & Tiramisu,Desserts|Coffee,restaurants,Khobar,135052,Desserts
Madhbiah,Sandwich|Grill|Arabic,restaurants,Khobar,135047,Sandwich
Mintwent,Sandwich|Fast Food|Breakfast,restaurants,Khobar,135026,Sandwich
Steak House Burger,Sandwich|American|Beverages|Burgers,restaurants,Dammam,135064,Sandwich
Steak House,Grill|American|Beverages,restaurants,Dammam,132862,Grill
Uncle Moes,Sandwich|Fast Food|American|Burgers,restaurants,Dammam,135070,Sandwich
Fire Grill,Grill|Mexican|Healthy|Salads,restaurants,Dammam,132954,Grill
Little Caesar's pizza,Fast Food|Italian|Pizza,restaurants,Dammam,135043,Fast Food
Manto Rose,Beverages|Coffee|Juices,restaurants,Dammam,135079,Beverages
Fattah and Snobar,Grill|Arabic|Lebanese,restaurants,Dammam,135062,Grill
Ibdha al-khaleej,Fast Food|Grill|Indian|Juices,restaurants,Dammam,135051,Fast Food
Royal Malabar,Grill|Indian|Beverages,restaurants,Dammam,132954,Grill
Shawermat Express,Fast Food|Shawarma,restaurants,Dammam,135048,Fast Food
Tarka Restaurant,Asian|Pakistani,restaurants,Khobar,132954,Asian
OMYO BURGER,Fast Food|American|Burgers,restaurants,Khobar,135086,Fast Food
La Casa Pasta,Italian|Pasta,restaurants,Khobar,132955,Italian
Kudu,Sandwich|Fast Food|Grill|Burgers|Breakfast,restaurants,Khobar,132921,Sandwich
BerryCho,Desserts,restaurants,Khobar,132958,Desserts
Fire Grill,Grill|Mexican|Healthy|Salads,restaurants,Khobar,135046,Grill
Qamosh,Sandwich|Desserts|Beverages|Breakfast,restaurants,Khobar,135085,Sandwich
Al Mukhtas Sandwiches,Sandwich|Fast Food,restaurants,Khobar,132572,Sandwich
BF Joint,Fast Food|Arabic|Burgers,restaurants,Khobar,132922,Fast Food
YeYe Burger,American|Burgers,restaurants,Khobar,132866,American
Oakberry,Beverages|Healthy,restaurants,Khobar,135080,Beverages
Bastah Karak,Sandwich|Fast Food|Beverages,restaurants,Khobar,132834,Sandwich
The Cuts Urban Kitchen,Fast Food|American|Burgers,restaurants,Khobar,132825,Fast Food
Hungry Bunny,Sandwich|Fast Food|American|Burgers,restaurants,Khobar,132862,Sandwich
Melenzane,Italian,restaurants,Khobar,132954,Italian
Crunchy Chicken,American|Burgers,restaurants,Khobar,132877,American
Alaker Sweets,Desserts,restaurants,Khobar,135064,Desserts
Star Juice,Beverages|Juices,restaurants,Khobar,135046,Beverages
Wing King,Fast Food,restaurants,Khobar,135025,Fast Food
FADECO,Ice Cream,restaurants,Khobar,132925,Ice Cream
Crazy Juice,Juices,restaurants,Khobar,132862,Juices
Burger Site,Sandwich|Beverages|Burgers,restaurants,Dammam,135075,Sandwich
Ajayel,American|Burgers,restaurants,Dammam,132847,American
Drwazt Al Sayyad,Arabic|Seafood,restaurants,Dammam,135030,Arabic
Rawasi Al Bahr,Seafood,restaurants,Dammam,135071,Seafood
Nakhat Alsharq,Asian|Indian,restaurants,Dammam,132834,Asian
Beach Park,Desserts|Italian|Seafood|Breakfast,restaurants,Dammam,132958,Desserts
Bab Bw Khawkha,Grill|Arabic,restaurants,Dammam,132825,Grill
Bastoogg,Sandwich|Salads|Breakfast,restaurants,Dammam,135028,Sandwich
Shawaya House,Arabic|Saudi,restaurants,Dammam,135047,Arabic
MISHWAR,Sandwich|Fast Food|Grill|Shawarma,restaurants,Khobar,132846,Sandwich
Spark,Desserts|Coffee,restaurants,Khobar,135064,Desserts
Kunafat Al Saidawi,Desserts,restaurants,Khobar,132830,Desserts
Khafif,Desserts,restaurants,Khobar,135079,Desserts
Shawarma King,Sandwich|Fast Food|Arabic|Shawarma,restaurants,Khobar,135058,Sandwich
BAGA,Fast Food|Burgers|Japanese,restaurants,Khobar,132954,Fast Food
BURGERINA,Arabic,restaurants,Khobar,132958,Arabic
Newtons,Sandwich|Fast Food,restaurants,Khobar,135026,Sandwich
CHICKEN LAND,Sandwich|Fast Food|Arabic|Burgers,restaurants,Khobar,132955,Sandwich
Monroe,Desserts|Coffee,restaurants,Khobar,135044,Desserts
La Casa Pasta,Italian|Pasta,restaurants,Khobar,132862,Italian
PAPA JOHNS PIZZA,Fast Food|Pizza|Pasta|Salads,restaurants,Khobar,135085,Fast Food
Pink Moments,Fast Food|Beverages,restaurants,Khobar,135030,Fast Food
Kunafat Al Saidawi,Desserts,restaurants,Khobar,135053,Desserts
Akkad Sweets,Desserts,restaurants,Khobar,132825,Desserts
Signature,Beverages|Juices,restaurants,Khobar,132754,Beverages
Subway,Sandwich|Fast Food|Healthy,restaurants,Khobar,135058,Sandwich
specialty bean,Desserts|Beverages|Coffee,restaurants,Khobar,132875,Desserts
Moshi,Desserts|Beverages|Coffee|Ice Cream,restaurants,Khobar,135079,Desserts
And Chikny,Sandwich|Fast Food,restaurants,Khobar,132925,Sandwich
sarab,Desserts|Beverages|Coffee,restaurants,Khobar,135064,Desserts
Diwaniyah Aldiwan,Beverages|Coffee,restaurants,Dammam,132921,Beverages
YUMMY MUNCH,Desserts|Coffee,restaurants,Dammam,135060,Desserts
Best Coffee express,Desserts|Coffee,restaurants,Dammam,132954,Desserts
Best Coffee,Desserts|Beverages|Coffee,restaurants,Dammam,132951,Desserts
Dom Bakery,Desserts,restaurants,Dammam,132921,Desserts
EUPHORIA Grilled burger,Sandwich|Fast Food|Burgers|Pastries,restaurants,Dammam,132955,Sandwich
Billa,Desserts,restaurants,Khobar,132884,Desserts
V BOUTIQUE,Desserts|Bakery|Coffee,restaurants,Khobar,135049,Desserts
Olive Branch,Arabic|Pastries,restaurants,Khobar,135034,Arabic
Tim Horton,Fast Food|Coffee,restaurants,Khobar,132954,Fast Food
Mousseline,Desserts,restaurants,Khobar,135079,Desserts
Mousseline,Desserts,restaurants,Dammam,132875,Desserts
Tgdeemat,Sandwich|Arabic|Pastries,restaurants,Dammam,135026,Sandwich
Be,Arabic|Bakery,restaurants,Dammam,132922,Arabic
lazeza,Desserts|Bakery,restaurants,Dammam,132572,Desserts
Magic Juice,Desserts|Beverages|Juices,restaurants,Dammam,135075,Desserts
Bitten,Sandwich|Fast Food|Desserts|Coffee,restaurants,Dammam,132825,Sandwich
Basbousat Al Basha,Desserts|Arabic,restaurants,Dammam,135048,Desserts
Golden Basbosti,Desserts,restaurants,Dammam,135030,Desserts
Falafel Themar,Sandwich|Falafel|Breakfast,restaurants,Dhahran,132884,Sandwich
fwaal bidawr altaayif,Arabic|Breakfast,restaurants,Dhahran,135054,Arabic
Basmah,Sandwich|Fast Food|Grill|Pastries,restaurants,Dhahran,132869,Sandwich
LaBouchee,Desserts,restaurants,Dhahran,132866,Desserts
Msskeet,Arabic,restaurants,Dhahran,135082,Arabic
Samosa Al Chef,Arabic|Pastries,restaurants,Dhahran,132851,Arabic
Add Burger,American|Burgers,restaurants,Dhahran,132870,American
Basbousah Taste,Desserts|Arabic,restaurants,Dhahran,135062,Desserts
Pastries Haif Manto Formosa,Arabic|Pastries,restaurants,Dhahran,132572,Arabic
Bee and Honey,Healthy,restaurants,Dhahran,135064,Healthy
Mento Formoza Heif,Arabic,restaurants,Dhahran,135080,Arabic
CROISS,Sandwich|Bakery|Beverages|Breakfast,restaurants,Khobar,132951,Sandwich
Boga,Sandwich|Fast Food,restaurants,Khobar,132954,Sandwich
Outback Steakhouse,American,restaurants,Khobar,135052,American
WEBER,Fast Food|Arabic,restaurants,Khobar,132834,Fast Food
Andelib Najd,Sandwich|Shawarma,restaurants,Khobar,135060,Sandwich
Wahed Falafel,Sandwich|Arabic|Falafel|Breakfast,restaurants,Khobar,135065,Sandwich
Crazy Chicken,Indian,restaurants,Khobar,132862,Indian
We Burger,Fast Food|American|Beverages|Burgers,restaurants,Khobar,132921,Fast Food
Rabieh Falafel,Sandwich|Arabic|Falafel,restaurants,Khobar,135042,Sandwich
Zad Ghawar -,Sandwich|Arabic|Falafel,restaurants,Khobar,135032,Sandwich
30 Days Cafe,Desserts|Coffee,restaurants,Khobar,135051,Desserts
Waraq Enab Dhuq Almahashy,Arabic|Egyptian,restaurants,Khobar,135085,Arabic
Ether,Desserts,restaurants,Khobar,132862,Desserts
JULY,Desserts,restaurants,Khobar,135052,Desserts
ERMINE,Desserts,restaurants,Khobar,135076,Desserts
Sikh and kebab,Grill|Shawarma|Pastries,restaurants,Dhahran,135043,Grill
Salt,International|Burgers,restaurants,Dhahran,135058,International
Lamour Tiramisu & more,Desserts,restaurants,Dhahran,135053,Desserts
Lqimat Mal Awal,Desserts,restaurants,Dhahran,132885,Desserts
LARTISTO,Sandwich|Italian|International,restaurants,Dhahran,135050,Sandwich
Maqaly Zwara,Sandwich|Arabic|Breakfast,restaurants,Dhahran,132872,Sandwich
Qasr Shada,Grill|Arabic,restaurants,Dammam,135066,Grill
Dhabi Al Janoub Restaurant,Arabic|Saudi,restaurants,Dammam,132921,Arabic
Mr.Delicious,Fast Food|Shawarma,restaurants,Dammam,135062,Fast Food
Kees Falafel,Fast Food|Arabic|Falafel|Breakfast,restaurants,Dammam,135106,Fast Food
Jawi Express,Fast Food|Beverages|Indonesian,restaurants,Dammam,132825,Fast Food
nagham oshal,Sandwich|Fast Food|Shawarma|Pastries,restaurants,Dammam,135052,Sandwich
Ajiad,Desserts|Bakery,restaurants,Dammam,132862,Desserts
Bukhari Ninety Restaurant,Arabic,restaurants,Dammam,132875,Arabic
Waleemat Al Sharqiah,Arabic,restaurants,Dammam,135059,Arabic
Bonavida,Fast Food,restaurants,Khobar,135041,Fast Food
Thoug Luqaimat,Arabic,restaurants,Khobar,132925,Arabic
Chuck E Cheese,Sandwich|Fast Food|American|International|Pizza|Pastries,restaurants,Khobar,135085,Sandwich
ALKARAK,Sandwich|Arabic|Breakfast,restaurants,Khobar,135025,Sandwich
Qaser Al ratem,Arabic,restaurants,Khobar,135072,Arabic
Pasqually's Pizza and Wings,Pizza,restaurants,Khobar,135064,Pizza
COFFEE CODE,Coffee,restaurants,Dammam,135086,Coffee
Duratsamad,Fast Food|Grill|Arabic,restaurants,Dammam,135055,Fast Food
Slider Code,American|Burgers|Pasta|Meat,restaurants,Dammam,135074,American
7 Grams,Beverages|Coffee,restaurants,Dammam,135026,Beverages
Shawermagy,Sandwich|Fast Food,restaurants,Dammam,132862,Sandwich
Tawook Nation,Sandwich|Grill|Arabic,restaurants,Dammam,132955,Sandwich
Spice,Indian,restaurants,Dammam,132921,Indian
City Wok,Asian|Noodles,restaurants,Dammam,135072,Asian
IHOP,Desserts|Bakery|American|Breakfast,restaurants,Dammam,132723,Desserts
The Truffleers,Desserts,restaurants,Dammam,135055,Desserts
Fruit - Fitness,Healthy|Juices,restaurants,Dammam,135064,Healthy
Baet Nazem,Grill|Arabic,restaurants,Dammam,132958,Grill
Erous dimashq,Fast Food|Arabic,restaurants,Dammam,135075,Fast Food
Mays Al Qamar Restaurant,Sandwich|Fast Food|Grill|Arabic,restaurants,Dammam,132958,Sandwich
PAUL Salads,Fast Food|Healthy|Vegetarian|Salads,restaurants,Dammam,135048,Fast Food
Bayaz,Grill|Beverages|Pizza|Pastries,restaurants,Dammam,135046,Grill
Patchi cafe,Desserts|Coffee,restaurants,Dammam,135028,Desserts
Honey Logimat,Desserts|Beverages,restaurants,Dammam,135086,Desserts
Mastoura Al Bukhari Restaurant,Arabic|Saudi,restaurants,Dammam,135053,Arabic
Paul Bakery,Bakery|Coffee|International|Breakfast,restaurants,Dammam,132861,Bakery
Paul Restaurant,Sandwich|Desserts|Bakery|Salads,restaurants,Dammam,135062,Sandwich
Paul Sandwiches & Wraps,Sandwich|Fast Food|Burgers,restaurants,Dammam,135055,Sandwich
Crateful,Sandwich|Healthy|Salads,restaurants,Dammam,135053,Sandwich
Al Ghadeer Restaurant,Fast Food|Arabic|International|Breakfast,restaurants,Dammam,135058,Fast Food
Tikka Noon,Sandwich|Fast Food|Arabic,restaurants,Khobar,135079,Sandwich
Freej Khaitan for Kuwaiti food,Arabic|Seafood,restaurants,Khobar,135059,Arabic
Qafiya Tea,Beverages|Coffee,restaurants,Khobar,135064,Beverages
PAST,Fast Food|Arabic|Pasta,restaurants,Khobar,135047,Fast Food
Al Gamaleya,Bakery|Beverages|Breakfast,restaurants,Khobar,135065,Bakery
Lantica Pizzeria,Italian|Pizza,restaurants,Khobar,132854,Italian
Suliman Tea,Desserts|Beverages|Pastries,restaurants,Khobar,132858,Desserts
SLIM .N LITE,Healthy,restaurants,Khobar,135042,Healthy
Hamadan Restaurant,Grill|Arabic|Shawarma|Pastries,restaurants,Khobar,132870,Grill
Code 9,Arabic|Coffee|Breakfast,restaurants,Khobar,135076,Arabic
Griddle,Sandwich|Fast Food|American,restaurants,Khobar,132847,Sandwich
Belgravian Brasserie,Bakery|International,restaurants,Khobar,132951,Bakery
Seven Seeds,Desserts|Beverages|Coffee,restaurants,Khobar,135060,Desserts
House Of Spices,Indian,restaurants,Khobar,132732,Indian
Streat,Sandwich|Fast Food|Desserts|Burgers,restaurants,Khobar,132733,Sandwich
Osmali Restuarant,Grill,restaurants,Khobar,135104,Grill
Samona,Sandwich|Fast Food|Breakfast,restaurants,Khobar,132732,Sandwich
NASHAMA JORDAN,Grill|Arabic,restaurants,Dhahran,132609,Grill
Tasty,Sandwich|Fast Food|Shawarma,restaurants,Dhahran,132608,Sandwich
G Jar,Arabic,restaurants,Dhahran,132560,Arabic
House of Donuts,Desserts,restaurants,Khobar,132740,Desserts
Al Kanafany Sweet,Desserts,restaurants,Khobar,132594,Desserts
Lilia Vine Leaf,Fast Food|Arabic,restaurants,Khobar,132584,Fast Food
Kanafangi,Desserts,restaurants,Khobar,132740,Desserts
ATIA HEALTHY,Desserts|Coffee,restaurants,Khobar,132706,Desserts
GOFRIED,Fast Food,restaurants,Khobar,132654,Fast Food
Ruzzah w Akthar,Arabic,restaurants,Khobar,132630,Arabic
Pizza Hut,Fast Food|Italian|Beverages|International|Pizza|Pasta|Salads,restaurants,Khobar,132663,Fast Food
OLABS ROASTERY & BAKE HOUSE,Sandwich|Desserts|Beverages|Coffee,restaurants,Khobar,132613,Sandwich
Medar,Fast Food|Arabic|Seafood,restaurants,Khobar,132667,Fast Food
Lawson Juice,Beverages|Juices,restaurants,Dammam,135104,Beverages
Waraq 3nb Station,Fast Food|Arabic,restaurants,Dammam,132660,Fast Food
Pie and Grapes pastry,Arabic|Breakfast|Pastries,restaurants,Dammam,132732,Arabic
Qasser Al Madhbi,Arabic|Saudi,restaurants,Dammam,132740,Arabic
Everyday Coffee Roastery,Desserts|Beverages|Coffee,restaurants,Dammam,132560,Desserts
BLABAN,Desserts|Arabic|Bakery|Egyptian|International|Ice Cream|Vegetarian|Pastries,restaurants,Dammam,132594,Desserts
Samosa Al Chef,Arabic|Pastries,restaurants,Dammam,132663,Arabic
FRN,Bakery|Coffee|Breakfast|Pastries,restaurants,Dammam,132626,Bakery
The Sub Club,Sandwich|American|International,restaurants,Dammam,132706,Sandwich
Trip,Fast Food|Burgers,restaurants,Dammam,132561,Fast Food
CAST,Fast Food|Burgers,restaurants,Dammam,132665,Fast Food
Takyt Ons,Beverages|Coffee,restaurants,Dammam,132665,Beverages
Halabih,Sandwich|Fast Food|Shawarma,restaurants,Dammam,132561,Sandwich
Kaakaia,Desserts|Bakery|Coffee,restaurants,Dammam,132626,Desserts
MULK KONAFA NABULSI SWEETS,Desserts|Beverages|International,restaurants,Dhahran,132564,Desserts
Batota Restaurant,Sandwich|Grill|Arabic,restaurants,Dhahran,132654,Sandwich
Tea Time,Sandwich|Desserts|Beverages|Juices,restaurants,Dhahran,132665,Sandwich
TAKE Steak Burger,Sandwich|Fast Food|American|Burgers,restaurants,Dhahran,132654,Sandwich
Al Rafidain Grills,Grill|Arabic,restaurants,Dhahran,132561,Grill
McCafé,Desserts|Bakery|Beverages|Coffee|Breakfast,restaurants,Dhahran,132626,Desserts
Kanafat Altaaj Aldhahabii,Desserts,restaurants,Dhahran,132706,Desserts
Amo Hamza,Arabic|Seafood,restaurants,Dhahran,132608,Arabic
Shawayat alsamak,Seafood,restaurants,Dhahran,132609,Seafood
cay cafe,Desserts|Beverages|Coffee,restaurants,Dhahran,132717,Desserts
Sunday Night,Desserts|Coffee,restaurants,Dhahran,132613,Desserts
Brasade Brazil,Grill|Beverages,restaurants,Dhahran,132564,Grill
UMAI,Pasta|Noodles,restaurants,Dhahran,132732,Pasta
we happiness,Fast Food|Burgers,restaurants,Dhahran,132630,Fast Food
Curry Express,Indian,restaurants,Dhahran,132715,Indian
Namat,Healthy,restaurants,Dhahran,132733,Healthy
Alfawar,Grill|Shawarma|Pastries,restaurants,Dammam,132594,Grill
ALKARAK,Sandwich|Arabic|Breakfast,restaurants,Dammam,132660,Sandwich
